Physical_Data/CTD_Data/Example_Data/sta0473.cnv
* Sea-Bird SBE 9 Data File:
* FileName = C:\Seabird\CTDData\sta0473.hex
* Software Version Seasave V 7.21f
* Temperature SN = 4340
* Conductivity SN = 3012
* Number of Bytes Per Scan = 34
* Number of Voltage Words = 3
* Number of Scans Averaged by the Deck Unit = 1
* NMEA Latitude = 73 48.12 N
* NMEA Longitude = 007 34.34 E
* NMEA UTC (Time) = Jun 22 2016 04:03:40
* NMEA baud rate = 4800
** Ship: 10 F/F "G. O. Sars"
** Station: 0473
** Echodepth: 1241
** Log: 7733.689
** Wind-Dir Force: 20 07
** Air-temp (dry): 4.3
** Weather Sky: 2 5
** Sea Ice: 3 0
** Par light: 451
# nquan = 17                                
# nvalues = 1240                        
# units = specified
# name 0 = scan: Scan Count
# name 1 = prDM: Pressure, Digiquartz [db]
# name 2 = t068C: Temperature [ITS-68, deg C]
# name 3 = t168C: Temperature, 2 [ITS-68, deg C]
# name 4 = c0S/m: Conductivity [S/m]
# name 5 = c1S/m: Conductivity, 2 [S/m]
# name 6 = sbeox0V: Oxygen raw, SBE 43 [V]
# name 7 = altM: Altimeter [m]
# name 8 = flC: Fluorescence, Chelsea Aqua 3 Chl Con [ug/l]
# name 9 = seaTurbMtr: Turbidity, Seapoint [FTU]
# name 10 = sbeox0ML/L: Oxygen, SBE 43 [ml/l], WS = 2
# name 11 = sal00: Salinity, Practical [PSU]
# name 12 = sal11: Salinity, Practical, 2 [PSU]
# name 13 = sigma-t00: Density [sigma-t, Kg/m^3 ]
# name 14 = svCM: Sound Velocity [Chen-Millero, m/s]
# name 15 = avgsvCM: Average Sound Velocity [Chen-Millero, m/s], minP = 1, minS = 5
# name 16 = flag: flag
# span 0 =        733,      32537       
# span 1 =      4.000,   1243.000       
# span 2 =    -0.6263,     6.6014       
# span 3 =    -0.6276,     6.6047       
# span 4 =   2.895265,   3.503527       
# span 5 =   2.896936,   3.503235       
# span 6 =     1.8367,     2.5741       
# span 7 =       8.31,      99.63       
# span 8 =     0.0063,     1.1930       
# span 9 =      0.150,      3.608       
# span 10 =    6.57988,    7.35348      
# span 11 =    34.9097,    35.1320      
# span 12 =    34.8963,    35.1249      
# span 13 =    27.5772,    28.0659      
# span 14 =    1458.55,    1477.33      
# span 15 =    1463.90,    1477.33      
# span 16 = 0.0000e+00, 0.0000e+00      
# interval = decibars: 1                
# start_time = Jun 22 2016 04:03:42 [System UTC, header]
# bad_flag = -9.990e-29
*END*
[from data line 1192]
      29245   1196.000    -0.6077    -0.6008   2.898526   2.898257     1.8448      99.63     0.0129      0.172    6.67796    34.9109    34.8995    28.0645    1465.86    1464.00 0.0000e+00
      29267   1197.000    -0.6083    -0.6010   2.898516   2.898292     1.8443      88.26     0.0121      0.168    6.63107    34.9109    34.8996    28.0645    1465.87    1464.00 0.0000e+00
      29288   1198.000    -0.6085    -0.6012   2.898550   2.898336     1.8429      52.40     0.0139      0.178    6.63799    34.9110    34.8998    28.0646    1465.89    1464.01 0.0000e+00
      29311   1199.000    -0.6087    -0.6011   2.898571   2.898388     1.8429      51.42     0.0150      0.182    6.65223    34.9109    34.8998    28.0646    1465.90    1464.01 0.0000e+00
      29335   1200.000    -0.6084    -0.6010   2.898645   2.898432     1.8426      50.36     0.0121      0.182    6.65419    34.9110    34.8997    28.0646    1465.92    1464.01 0.0000e+00
      29359   1201.000    -0.6080    -0.6007   2.898709   2.898477     1.8426      49.53     0.0112      0.172    6.65682    34.9108    34.8994    28.0645    1465.94    1464.01 0.0000e+00
      29384   1202.000    -0.6080    -0.6010   2.898766   2.898518     1.8426      48.42     0.0123      0.173    6.65641    34.9110    34.8997    28.0646    1465.96    1464.01 0.0000e+00
      29409   1203.000    -0.6081    -0.6009   2.898791   2.898571     1.8423      47.38     0.0113      0.175    6.64711    34.9109    34.8998    28.0645    1465.97    1464.01 0.0000e+00
      29434   1204.000    -0.6084    -0.6006   2.898812   2.898621     1.8418      46.38     0.0122      0.182    6.64847    34.9109    34.8995    28.0646    1465.99    1464.02 0.0000e+00
      29457   1205.000    -0.6082    -0.6006   2.898875   2.898667     1.8418      45.35     0.0130      0.177    6.65551    34.9110    34.8996    28.0646    1466.01    1464.02 0.0000e+00
      29479   1206.000    -0.6090    -0.6006   2.898853   2.898711     1.8417      44.26     0.0110      0.169    6.65738    34.9110    34.8996    28.0647    1466.02    1464.02 0.0000e+00
      29502   1207.000    -0.6088    -0.6007   2.898896   2.898746     1.8416      43.39     0.0122      0.167    6.65214    34.9108    34.8996    28.0645    1466.04    1464.02 0.0000e+00
      29525   1208.000    -0.6090    -0.6005   2.898932   2.898811     1.8414      42.41     0.0104      0.187    6.65590    34.9109    34.8997    28.0646    1466.05    1464.02 0.0000e+00
      29550   1209.000    -0.6074    -0.6004   2.899111   2.898846     1.8414      41.28     0.0108      0.175    6.65718    34.9109    34.8994    28.0645    1466.08    1464.02 0.0000e+00
      29575   1210.000    -0.6079    -0.6004   2.899111   2.898888     1.8413      40.21     0.0128      0.180    6.64955    34.9109    34.8994    28.0646    1466.09    1464.03 0.0000e+00
      29600   1211.000    -0.6083    -0.6004   2.899120   2.898924     1.8406      39.22     0.0149      0.182    6.64449    34.9109    34.8993    28.0646    1466.10    1464.03 0.0000e+00
      29624   1212.000    -0.6077    -0.6005   2.899216   2.898961     1.8403      38.29     0.0139      0.166    6.64825    34.9109    34.8994    28.0646    1466.12    1464.03 0.0000e+00
      29646   1213.000    -0.6085    -0.6005   2.899193   2.899001     1.8401      37.38     0.0127      0.168    6.65389    34.9110    34.8993    28.0646    1466.14    1464.03 0.0000e+00
      29668   1214.000    -0.6081    -0.6008   2.899266   2.899031     1.8401      36.37     0.0128      0.186    6.64671    34.9109    34.8995    28.0646    1466.16    1464.03 0.0000e+00
      29690   1215.000    -0.6092    -0.6009   2.899229   2.899065     1.8395      35.35     0.0136      0.287    6.64044    34.9111    34.8995    28.0648    1466.17    1464.03 0.0000e+00
      29713   1216.000    -0.6084    -0.6012   2.899338   2.899105     1.8392      34.30     0.0130      0.191    6.64674    34.9111    34.8998    28.0647    1466.19    1464.04 0.0000e+00
      29739   1217.000    -0.6101    -0.6009   2.899226   2.899153     1.8390      33.32     0.0139      0.170    6.65256    34.9109    34.8995    28.0647    1466.20    1464.04 0.0000e+00
      29765   1218.000    -0.6158    -0.6010   2.898791   2.899211     1.8390      32.25     0.0132      0.185    6.65728    34.9111    34.8998    28.0650    1466.19    1464.04 0.0000e+00
      29789   1219.000    -0.6179    -0.6010   2.898678   2.899252     1.8390      31.29     0.0107      0.167    6.65691    34.9114    34.8998    28.0654    1466.19    1464.04 0.0000e+00
      29811   1220.000    -0.6179    -0.6010   2.898713   2.899285     1.8389      30.35     0.0086      0.164    6.65799    34.9113    34.8997    28.0653    1466.21    1464.04 0.0000e+00
      29833   1221.000    -0.6181    -0.6011   2.898739   2.899313     1.8390      29.39     0.0119      0.164    6.65876    34.9113    34.8996    28.0653    1466.23    1464.04 0.0000e+00
      29855   1222.000    -0.6187    -0.6014   2.898738   2.899347     1.8388      28.39     0.0170      0.161    6.65844    34.9114    34.8998    28.0654    1466.24    1464.05 0.0000e+00
      29880   1223.000    -0.6181    -0.6015   2.898832   2.899393     1.8389      27.37     0.0160      0.174    6.66366    34.9114    34.9000    28.0654    1466.26    1464.05 0.0000e+00
      29905   1224.000    -0.6182    -0.6011   2.898867   2.899443     1.8391      26.35     0.0126      0.162    6.66507    34.9114    34.8996    28.0654    1466.28    1464.05 0.0000e+00
      29929   1225.000    -0.6172    -0.6011   2.898991   2.899484     1.8391      25.36     0.0115      0.160    6.66383    34.9113    34.8996    28.0653    1466.30    1464.05 0.0000e+00
      29951   1226.000    -0.6181    -0.6012   2.898964   2.899522     1.8392      24.42     0.0130      0.178    6.66495    34.9114    34.8996    28.0654    1466.31    1464.05 0.0000e+00
      29974   1227.000    -0.6182    -0.6012   2.898995   2.899555     1.8391      23.43     0.0127      0.172    6.66422    34.9114    34.8995    28.0654    1466.33    1464.06 0.0000e+00
      29997   1228.000    -0.6198    -0.6012   2.898903   2.899584     1.8391      22.43     0.0104      0.161    6.66642    34.9114    34.8993    28.0655    1466.33    1464.06 0.0000e+00
      30022   1229.000    -0.6227    -0.6012   2.898706   2.899606     1.8391      21.41     0.0119      0.170    6.66789    34.9115    34.8990    28.0657    1466.34    1464.06 0.0000e+00
      30086   1230.000    -0.6223    -0.6126   2.898777   2.899450     1.8392      20.25     0.0122      0.165    6.67475    34.9114    34.9093    28.0656    1466.36    1464.06 0.0000e+00
      30492   1231.000    -0.6173    -0.6179   2.899247   2.899302     1.8392      19.38     0.0109      0.164    6.67013    34.9114    34.9128    28.0654    1466.40    1464.06 0.0000e+00
      30544   1232.000    -0.6170    -0.6091   2.899312   2.899460     1.8392      18.55     0.0113      0.150    6.66567    34.9114    34.9044    28.0653    1466.41    1464.06 0.0000e+00
      30846   1233.000    -0.6166    -0.6193   2.899390   2.899332     1.8393      17.31     0.0108      0.158    6.67180    34.9114    34.9137    28.0653    1466.43    1464.07 0.0000e+00
      30966   1234.000    -0.6179    -0.6150   2.899314   2.899359     1.8391      16.45     0.0148      0.165    6.66813    34.9113    34.9086    28.0653    1466.44    1464.07 0.0000e+00
      31073   1235.000    -0.6167    -0.6160   2.899464   2.899388     1.8393      15.47     0.0128      0.172    6.67173    34.9113    34.9095    28.0653    1466.47    1464.07 0.0000e+00
      31147   1236.000    -0.6152    -0.6088   2.899626   2.899448     1.8394      14.54     0.0096      0.169    6.67323    34.9112    34.9016    28.0651    1466.49    1464.07 0.0000e+00
      31229   1237.000    -0.6169    -0.6091   2.899523   2.899487     1.8388      13.53     0.0130      0.170    6.66296    34.9112    34.9019    28.0652    1466.50    1464.07 0.0000e+00
      31299   1238.000    -0.6188    -0.6073   2.899412   2.899521     1.8377      12.62     0.0128      0.205    6.66022    34.9113    34.8997    28.0654    1466.51    1464.08 0.0000e+00
      31356   1239.000    -0.6203    -0.6072   2.899342   2.899550     1.8374      11.67     0.0107      0.180    6.66463    34.9115    34.8994    28.0656    1466.52    1464.08 0.0000e+00
      31416   1240.000    -0.6185    -0.6073   2.899515   2.899581     1.8371      10.69     0.0135      0.184    6.66689    34.9112    34.8993    28.0653    1466.54    1464.08 0.0000e+00
      31489   1241.000    -0.6258    -0.6116   2.898930   2.899577     1.8373       9.69     0.0103      0.172    6.66833    34.9111    34.9036    28.0655    1466.52    1464.08 0.0000e+00
      32535   1242.000    -0.6263    -0.6276   2.898965   2.898202     1.8368       9.03     0.0143      0.163    6.66644    34.9116    34.9029    28.0659    1466.54    1464.08 0.0000e+00
      32537   1243.000    -0.6253    -0.6235   2.899092   2.899083     1.8367       8.31     0.0164      0.165    6.66705    34.9116    34.9094    28.0659    1466.56    1464.09 0.0000e+00
