Physical_Data/CTD_Data/Example_Data/sta0482.cnv
* Sea-Bird SBE 9 Data File:
* FileName = C:\Seabird\CTDData\sta0482.hex
* Software Version Seasave V 7.21f
* Temperature SN = 4340
* Conductivity SN = 3012
* Number of Bytes Per Scan = 34
* Number of Voltage Words = 3
* Number of Scans Averaged by the Deck Unit = 1
* NMEA Latitude = 73 48.69 N
* NMEA Longitude = 007 30.58 E
* NMEA UTC (Time) = Jun 23 2016 11:12:45
* NMEA baud rate = 4800
** Ship: 10 F/F "G. O. Sars"
** Station: 0482
** Echodepth: 720
** Log: 7761
** Wind-Dir Force: 20 14
** Air-temp (dry): 6.7
** Weather Sky: 2 5
** Sea Ice: 3 0
** Par light: 451
# nquan = 17                                
# nvalues = 772                         
# units = specified
# name 0 = scan: Scan Count
# name 1 = prDM: Pressure, Digiquartz [db]
# name 2 = t068C: Temperature [ITS-68, deg C]
# name 3 = t168C: Temperature, 2 [ITS-68, deg C]
# name 4 = c0S/m: Conductivity [S/m]
# name 5 = c1S/m: Conductivity, 2 [S/m]
# name 6 = sbeox0V: Oxygen raw, SBE 43 [V]
# name 7 = altM: Altimeter [m]
# name 8 = flC: Fluorescence, Chelsea Aqua 3 Chl Con [ug/l]
# name 9 = seaTurbMtr: Turbidity, Seapoint [FTU]
# name 10 = sbeox0ML/L: Oxygen, SBE 43 [ml/l], WS = 2
# name 11 = sal00: Salinity, Practical [PSU]
# name 12 = sal11: Salinity, Practical, 2 [PSU]
# name 13 = sigma-t00: Density [sigma-t, Kg/m^3 ]
# name 14 = svCM: Sound Velocity [Chen-Millero, m/s]
# name 15 = avgsvCM: Average Sound Velocity [Chen-Millero, m/s], minP = 1, minS = 5
# name 16 = flag: flag
# span 0 =        711,      21176       
# span 1 =      4.000,    775.000       
# span 2 =    -0.2507,     6.2933       
# span 3 =    -0.2495,     6.2937       
# span 4 =   2.910569,   3.474296       
# span 5 =   2.912573,   3.473372       
# span 6 =     1.9499,     2.5755       
# span 7 =       8.71,      99.43       
# span 8 =     0.0104,     1.0014       
# span 9 =      0.165,      3.666       
# span 10 =    6.62424,    7.34191      
# span 11 =    34.9101,    35.1275      
# span 12 =    34.8946,    35.1169      
# span 13 =    27.6104,    28.0492      
# span 14 =    1458.26,    1476.13      
# span 15 =    1463.82,    1476.11      
# span 16 = 0.0000e+00, 0.0000e+00      
# interval = decibars: 1                
# start_time = Jun 23 2016 11:12:47 [System UTC, header]
# bad_flag = -9.990e-29
*END*
[from data line 596]
      15001    600.000     0.0118     0.1135   2.925422   2.933265     2.0141      98.91     0.0149      0.181    6.82868    34.9117    34.9000    28.0344    1458.88    1465.06 0.0000e+00
      15022    601.000     0.0060     0.1118   2.925008   2.933065     2.0150      98.91     0.0187      0.171    6.83359    34.9123    34.8987    28.0352    1458.87    1465.04 0.0000e+00
      15044    602.000     0.0005     0.1082   2.924553   2.932878     2.0153      98.91     0.0191      0.182    6.83499    34.9119    34.8997    28.0352    1458.86    1465.03 0.0000e+00
      15067    603.000    -0.0055     0.1058   2.924101   2.932705     2.0161      98.91     0.0171      0.173    6.84709    34.9121    34.8996    28.0357    1458.85    1465.02 0.0000e+00
      15091    604.000    -0.0076     0.1029   2.923963   2.932649     2.0170      98.91     0.0171      0.170    6.85886    34.9121    34.9015    28.0358    1458.85    1465.01 0.0000e+00
      15117    605.000    -0.0108     0.1013   2.923735   2.932577     2.0184      98.91     0.0154      0.171    6.86860    34.9121    34.9018    28.0359    1458.86    1465.00 0.0000e+00
      15141    606.000    -0.0154     0.1002   2.923382   2.932466     2.0197      98.91     0.0167      0.178    6.87753    34.9121    34.9010    28.0362    1458.85    1464.99 0.0000e+00
      15167    607.000    -0.0159     0.0981   2.923394   2.932353     2.0211      98.91     0.0154      0.284    6.88628    34.9122    34.9013    28.0363    1458.87    1464.98 0.0000e+00
      15192    608.000    -0.0173     0.0965   2.923314   2.932184     2.0224      98.91     0.0168      0.174    6.88874    34.9122    34.9003    28.0363    1458.88    1464.97 0.0000e+00
      15215    609.000    -0.0227     0.0939   2.922897   2.932015     2.0235      98.91     0.0192      0.173    6.89062    34.9122    34.9004    28.0366    1458.87    1464.96 0.0000e+00
      15237    610.000    -0.0247     0.0912   2.922780   2.931842     2.0242      98.91     0.0189      0.169    6.89525    34.9123    34.9006    28.0368    1458.87    1464.95 0.0000e+00
      15258    611.000    -0.0270     0.0888   2.922630   2.931633     2.0250      98.91     0.0169      0.174    6.89146    34.9123    34.9000    28.0370    1458.88    1464.94 0.0000e+00
      15280    612.000    -0.0293     0.0854   2.922483   2.931369     2.0251      98.92     0.0195      0.168    6.88220    34.9124    34.8997    28.0372    1458.89    1464.93 0.0000e+00
      15304    613.000    -0.0297     0.0832   2.922488   2.931098     2.0249      98.91     0.0184      0.170    6.87805    34.9123    34.8981    28.0371    1458.90    1464.92 0.0000e+00
      15328    614.000    -0.0302     0.0795   2.922496   2.930814     2.0247      98.91     0.0139      0.176    6.87642    34.9124    34.8979    28.0372    1458.91    1464.91 0.0000e+00
      15352    615.000    -0.0304     0.0755   2.922531   2.930516     2.0243      98.91     0.0158      0.171    6.88139    34.9125    34.8979    28.0373    1458.93    1464.90 0.0000e+00
      15375    616.000    -0.0300     0.0713   2.922603   2.930181     2.0246      98.91     0.0173      0.182    6.88413    34.9124    34.8977    28.0372    1458.95    1464.89 0.0000e+00
      15399    617.000    -0.0301     0.0671   2.922654   2.929818     2.0242      98.91     0.0165      0.198    6.87573    34.9126    34.8971    28.0374    1458.96    1464.88 0.0000e+00
      15423    618.000    -0.0299     0.0629   2.922705   2.929449     2.0239      98.91     0.0149      0.173    6.87826    34.9125    34.8964    28.0373    1458.98    1464.88 0.0000e+00
      15447    619.000    -0.0301     0.0578   2.922741   2.929138     2.0236      98.92     0.0125      0.171    6.87068    34.9126    34.8974    28.0374    1459.00    1464.87 0.0000e+00
      15470    620.000    -0.0302     0.0530   2.922773   2.928821     2.0229      98.91     0.0176      0.165    6.86963    34.9125    34.8981    28.0373    1459.01    1464.86 0.0000e+00
      15493    621.000    -0.0311     0.0485   2.922745   2.928494     2.0227      98.91     0.0202      0.168    6.87996    34.9126    34.8983    28.0374    1459.03    1464.85 0.0000e+00
      15518    622.000    -0.0324     0.0434   2.922678   2.928305     2.0228      98.91     0.0177      0.171    6.87846    34.9126    34.9010    28.0375    1459.04    1464.84 0.0000e+00
      15542    623.000    -0.0334     0.0412   2.922641   2.927944     2.0224      98.91     0.0170      0.177    6.87914    34.9126    34.8981    28.0376    1459.05    1464.83 0.0000e+00
      15566    624.000    -0.0332     0.0376   2.922697   2.927645     2.0224      98.91     0.0169      0.241    6.87903    34.9126    34.8977    28.0375    1459.07    1464.82 0.0000e+00
      15589    625.000    -0.0361     0.0329   2.922467   2.927452     2.0222      98.91     0.0172      0.619    6.87392    34.9122    34.8999    28.0374    1459.07    1464.81 0.0000e+00
      15611    626.000    -0.0543     0.0294   2.920913   2.927167     2.0217      98.91     0.0152      0.177    6.87423    34.9117    34.8995    28.0380    1459.00    1464.80 0.0000e+00
      15635    627.000    -0.0658     0.0266   2.920006   2.926945     2.0211      98.91     0.0126      0.172    6.87239    34.9122    34.8991    28.0389    1458.96    1464.79 0.0000e+00
      15660    628.000    -0.0694     0.0232   2.919747   2.926750     2.0204      98.91     0.0160      0.176    6.87383    34.9123    34.8998    28.0392    1458.96    1464.78 0.0000e+00
      15685    629.000    -0.0723     0.0194   2.919541   2.926546     2.0199      98.91     0.0177      0.208    6.86722    34.9122    34.9008    28.0393    1458.97    1464.77 0.0000e+00
      15707    630.000    -0.0715     0.0172   2.919678   2.926361     2.0191      98.92     0.0156      0.248    6.85562    34.9125    34.9003    28.0395    1458.99    1464.76 0.0000e+00
      15730    631.000    -0.0579     0.0132   2.920900   2.926182     2.0175      98.91     0.0146      0.175    6.83284    34.9127    34.9019    28.0389    1459.07    1464.75 0.0000e+00
      15754    632.000    -0.0561     0.0108   2.921075   2.926024     2.0154      98.91     0.0169      0.198    6.81428    34.9124    34.9019    28.0386    1459.09    1464.75 0.0000e+00
      15778    633.000    -0.0528     0.0091   2.921419   2.925880     2.0133      98.91     0.0157      0.185    6.81834    34.9126    34.9014    28.0386    1459.12    1464.74 0.0000e+00
      15802    634.000    -0.0513     0.0072   2.921587   2.925802     2.0120      98.91     0.0136      0.169    6.81919    34.9125    34.9019    28.0384    1459.15    1464.73 0.0000e+00
      15827    635.000    -0.0510     0.0057   2.921659   2.925741     2.0107      98.92     0.0123      0.178    6.82671    34.9125    34.9022    28.0384    1459.16    1464.72 0.0000e+00
      15851    636.000    -0.0507     0.0051   2.921729   2.925691     2.0102      98.91     0.0123      0.171    6.83335    34.9125    34.9016    28.0384    1459.18    1464.71 0.0000e+00
      15876    637.000    -0.0514     0.0035   2.921702   2.925607     2.0100      98.91     0.0146      0.198    6.83377    34.9124    34.9017    28.0383    1459.20    1464.70 0.0000e+00
      15900    638.000    -0.0536     0.0022   2.921580   2.925476     2.0095      98.91     0.0141      0.174    6.83211    34.9127    34.9009    28.0387    1459.20    1464.69 0.0000e+00
      15924    639.000    -0.0533     0.0006   2.921645   2.925272     2.0092      98.91     0.0155      0.209    6.83659    34.9126    34.8994    28.0386    1459.22    1464.68 0.0000e+00
      15946    640.000    -0.0533    -0.0018   2.921690   2.925090     2.0092      98.92     0.0156      0.203    6.84244    34.9126    34.8991    28.0386    1459.24    1464.68 0.0000e+00
      15967    641.000    -0.0531    -0.0056   2.921744   2.924771     2.0093      98.91     0.0149      0.172    6.84278    34.9125    34.8987    28.0385    1459.25    1464.67 0.0000e+00
      15991    642.000    -0.0530    -0.0098   2.921803   2.924550     2.0093      98.91     0.0150      0.170    6.84199    34.9126    34.8999    28.0386    1459.27    1464.66 0.0000e+00
      16017    643.000    -0.0527    -0.0121   2.921874   2.924386     2.0092      98.92     0.0152      0.174    6.84134    34.9126    34.8998    28.0386    1459.29    1464.65 0.0000e+00
      16042    644.000    -0.0567    -0.0153   2.921538   2.924209     2.0091      98.91     0.0149      0.175    6.84420    34.9121    34.9005    28.0384    1459.29    1464.64 0.0000e+00
      16067    645.000    -0.0672    -0.0171   2.920677   2.924078     2.0089      98.91     0.0169      0.202    6.83721    34.9120    34.9002    28.0389    1459.25    1464.63 0.0000e+00
      16091    646.000    -0.0741    -0.0195   2.920148   2.923982     2.0083      98.91     0.0169      0.283    6.83269    34.9123    34.9010    28.0394    1459.24    1464.63 0.0000e+00
      16116    647.000    -0.0783    -0.0214   2.919824   2.923931     2.0075      80.01     0.0154      0.193    6.81566    34.9121    34.9019    28.0396    1459.24    1464.62 0.0000e+00
      16140    648.000    -0.0767    -0.0224   2.920025   2.923880     2.0062      52.71     0.0171      0.179    6.82730    34.9124    34.9018    28.0397    1459.26    1464.61 0.0000e+00
      16163    649.000    -0.0760    -0.0238   2.920108   2.923843     2.0057      99.23     0.0168      0.174    6.81418    34.9121    34.9023    28.0394    1459.28    1464.60 0.0000e+00
      16186    650.000    -0.0763    -0.0246   2.920126   2.923810     2.0043      98.91     0.0196      0.176    6.79635    34.9121    34.9022    28.0394    1459.29    1464.59 0.0000e+00
      16209    651.000    -0.0782    -0.0256   2.920009   2.923790     2.0026      98.91     0.0181      0.173    6.79597    34.9121    34.9025    28.0395    1459.30    1464.58 0.0000e+00
      16233    652.000    -0.0803    -0.0260   2.919869   2.923765     2.0016      98.91     0.0190      0.185    6.79673    34.9121    34.9020    28.0396    1459.31    1464.58 0.0000e+00
      16259    653.000    -0.0851    -0.0270   2.919483   2.923732     2.0002      98.92     0.0162      0.182    6.79061    34.9118    34.9021    28.0396    1459.30    1464.57 0.0000e+00
      16285    654.000    -0.0902    -0.0276   2.919081   2.923671     1.9988      98.91     0.0146      0.367    6.78539    34.9117    34.9014    28.0398    1459.30    1464.56 0.0000e+00
      16310    655.000    -0.1067    -0.0290   2.917588   2.923630     1.9974      98.91     0.0165      0.188    6.79093    34.9101    34.9018    28.0394    1459.23    1464.55 0.0000e+00
      16334    656.000    -0.1528    -0.0299   2.913793   2.923612     1.9967      98.91     0.0182      0.172    6.79589    34.9115    34.9020    28.0429    1459.04    1464.54 0.0000e+00
      16358    657.000    -0.1646    -0.0310   2.912851   2.923553     1.9953      98.91     0.0204      0.178    6.78466    34.9119    34.9019    28.0438    1459.00    1464.53 0.0000e+00
      16382    658.000    -0.1716    -0.0320   2.912310   2.923541     1.9939      98.91     0.0187      0.181    6.77937    34.9120    34.9023    28.0443    1458.99    1464.53 0.0000e+00
      16405    659.000    -0.1714    -0.0333   2.912373   2.923481     1.9923      98.91     0.0172      0.173    6.76139    34.9121    34.9024    28.0443    1459.00    1464.52 0.0000e+00
      16429    660.000    -0.1742    -0.0344   2.912192   2.923377     1.9902      98.91     0.0179      0.179    6.75335    34.9122    34.9017    28.0446    1459.01    1464.51 0.0000e+00
      16453    661.000    -0.1751    -0.0360   2.912146   2.923251     1.9879      72.59     0.0131      0.177    6.73922    34.9121    34.9012    28.0445    1459.02    1464.50 0.0000e+00
      16478    662.000    -0.1728    -0.0378   2.912391   2.923089     1.9865      85.87     0.0137      0.174    6.76406    34.9121    34.9005    28.0444    1459.05    1464.49 0.0000e+00
      16502    663.000    -0.1775    -0.0400   2.912020   2.922941     1.9858      98.99     0.0159      0.176    6.75752    34.9119    34.9005    28.0445    1459.04    1464.48 0.0000e+00
      16524    664.000    -0.1798    -0.0426   2.911891   2.922822     1.9845      98.91     0.0174      0.198    6.75026    34.9122    34.9013    28.0449    1459.05    1464.48 0.0000e+00
      16546    665.000    -0.1807    -0.0449   2.911897   2.922685     1.9839      98.92     0.0169      0.185    6.75288    34.9128    34.9015    28.0454    1459.06    1464.47 0.0000e+00
      16569    666.000    -0.1756    -0.0465   2.912332   2.922569     1.9827      98.91     0.0173      0.197    6.74253    34.9121    34.9012    28.0446    1459.10    1464.46 0.0000e+00
      16594    667.000    -0.1775    -0.0486   2.912236   2.922306     1.9816      98.91     0.0178      0.190    6.74642    34.9124    34.8995    28.0449    1459.11    1464.45 0.0000e+00
      16622    668.000    -0.1812    -0.0518   2.911962   2.922059     1.9811      98.91     0.0162      0.173    6.75575    34.9124    34.8993    28.0451    1459.11    1464.44 0.0000e+00
      16649    669.000    -0.1829    -0.0554   2.911863   2.921758     1.9806      98.91     0.0136      0.186    6.74992    34.9124    34.8988    28.0452    1459.12    1464.44 0.0000e+00
      16672    670.000    -0.1832    -0.0584   2.911896   2.921279     1.9800      98.91     0.0149      0.180    6.74864    34.9126    34.8953    28.0454    1459.13    1464.43 0.0000e+00
      16693    671.000    -0.1823    -0.0648   2.912013   2.920725     1.9796      98.92     0.0156      0.214    6.74618    34.9126    34.8946    28.0453    1459.15    1464.42 0.0000e+00
      16713    672.000    -0.1826    -0.0727   2.912023   2.920097     1.9790      98.91     0.0145      0.174    6.74449    34.9124    34.8947    28.0452    1459.17    1464.41 0.0000e+00
      16735    673.000    -0.1847    -0.0811   2.911904   2.919510     1.9787      98.91     0.0153      0.191    6.74750    34.9127    34.8958    28.0455    1459.17    1464.40 0.0000e+00
      16758    674.000    -0.1832    -0.0884   2.912076   2.919017     1.9780      98.91     0.0153      0.197    6.73643    34.9127    34.8970    28.0454    1459.20    1464.40 0.0000e+00
      16782    675.000    -0.1834    -0.0956   2.912094   2.918663     1.9770      81.03     0.0185      0.173    6.72888    34.9125    34.8999    28.0453    1459.21    1464.39 0.0000e+00
      16810    676.000    -0.1862    -0.0993   2.911890   2.918422     1.9764      86.64     0.0189      0.176    6.75206    34.9124    34.9003    28.0454    1459.22    1464.38 0.0000e+00
      16837    677.000    -0.1854    -0.1027   2.912022   2.918114     1.9764      99.07     0.0154      0.175    6.74442    34.9127    34.8995    28.0455    1459.24    1464.37 0.0000e+00
      16860    678.000    -0.1837    -0.1045   2.912205   2.917723     1.9763      98.91     0.0186      0.253    6.74443    34.9126    34.8958    28.0454    1459.26    1464.37 0.0000e+00
      16882    679.000    -0.1835    -0.1107   2.912276   2.917305     1.9759      98.91     0.0203      0.178    6.73915    34.9127    34.8967    28.0455    1459.28    1464.36 0.0000e+00
      16903    680.000    -0.1839    -0.1170   2.912282   2.917000     1.9754      98.90     0.0179      0.174    6.73997    34.9126    34.8992    28.0454    1459.29    1464.35 0.0000e+00
      16926    681.000    -0.1826    -0.1210   2.912446   2.916804     1.9752      98.91     0.0181      0.170    6.74362    34.9127    34.9006    28.0455    1459.31    1464.34 0.0000e+00
      16950    682.000    -0.1812    -0.1233   2.912603   2.916650     1.9751      98.91     0.0189      0.174    6.74536    34.9126    34.9005    28.0453    1459.34    1464.34 0.0000e+00
      16974    683.000    -0.1803    -0.1259   2.912739   2.916461     1.9748      98.91     0.0155      0.173    6.73450    34.9128    34.9004    28.0454    1459.36    1464.33 0.0000e+00
