Physical_Data/CTD_Data/Example_Data/sta0473.cnv
* Sea-Bird SBE 9 Data File:
* FileName = C:\Seabird\CTDData\sta0473.hex
* Software Version Seasave V 7.21f
* Temperature SN = 4340
* Conductivity SN = 3012
* Number of Bytes Per Scan = 34
* Number of Voltage Words = 3
* Number of Scans Averaged by the Deck Unit = 1
* NMEA Latitude = 73 48.12 N
* NMEA Longitude = 007 34.34 E
* NMEA UTC (Time) = Jun 22 2016 04:03:40
* NMEA baud rate = 4800
** Ship: 10 F/F "G. O. Sars"
** Station: 0473
** Echodepth: 1241
** Log: 7733.689
** Wind-Dir Force: 20 07
** Air-temp (dry): 4.3
** Weather Sky: 2 5
** Sea Ice: 3 0
** Par light: 451
# nquan = 17                                
# nvalues = 1240                        
# units = specified
# name 0 = scan: Scan Count
# name 1 = prDM: Pressure, Digiquartz [db]
# name 2 = t068C: Temperature [ITS-68, deg C]
# name 3 = t168C: Temperature, 2 [ITS-68, deg C]
# name 4 = c0S/m: Conductivity [S/m]
# name 5 = c1S/m: Conductivity, 2 [S/m]
# name 6 = sbeox0V: Oxygen raw, SBE 43 [V]
# name 7 = altM: Altimeter [m]
# name 8 = flC: Fluorescence, Chelsea Aqua 3 Chl Con [ug/l]
# name 9 = seaTurbMtr: Turbidity, Seapoint [FTU]
# name 10 = sbeox0ML/L: Oxygen, SBE 43 [ml/l], WS = 2
# name 11 = sal00: Salinity, Practical [PSU]
# name 12 = sal11: Salinity, Practical, 2 [PSU]
# name 13 = sigma-t00: Density [sigma-t, Kg/m^3 ]
# name 14 = svCM: Sound Velocity [Chen-Millero, m/s]
# name 15 = avgsvCM: Average Sound Velocity [Chen-Millero, m/s], minP = 1, minS = 5
# name 16 = flag: flag
# span 0 =        733,      32537       
# span 1 =      4.000,   1243.000       
# span 2 =    -0.6263,     6.6014       
# span 3 =    -0.6276,     6.6047       
# span 4 =   2.895265,   3.503527       
# span 5 =   2.896936,   3.503235       
# span 6 =     1.8367,     2.5741       
# span 7 =       8.31,      99.63       
# span 8 =     0.0063,     1.1930       
# span 9 =      0.150,      3.608       
# span 10 =    6.57988,    7.35348      
# span 11 =    34.9097,    35.1320      
# span 12 =    34.8963,    35.1249      
# span 13 =    27.5772,    28.0659      
# span 14 =    1458.55,    1477.33      
# span 15 =    1463.90,    1477.33      
# span 16 = 0.0000e+00, 0.0000e+00      
# interval = decibars: 1                
# start_time = Jun 22 2016 04:03:42 [System UTC, header]
# bad_flag = -9.990e-29
*END*
[from data line 511]
      13034    515.000     0.3074     0.3076   2.947234   2.946671     2.0732      98.92     0.0139      0.191    6.92005    34.9145    34.9069    28.0201    1458.84    1467.10 0.0000e+00
      13057    516.000     0.2958     0.2954   2.946242   2.945613     2.0718      98.92     0.0128      0.215    6.91030    34.9140    34.9062    28.0204    1458.80    1467.08 0.0000e+00
      13081    517.000     0.2871     0.2874   2.945543   2.944991     2.0704      98.92     0.0112      0.202    6.90054    34.9141    34.9065    28.0210    1458.78    1467.07 0.0000e+00
      13106    518.000     0.2844     0.2846   2.945338   2.944783     2.0680      98.92     0.0131      0.300    6.88306    34.9139    34.9064    28.0209    1458.78    1467.05 0.0000e+00
      13133    519.000     0.2717     0.2723   2.944242   2.943713     2.0656      98.92     0.0094      0.195    6.86795    34.9132    34.9056    28.0212    1458.74    1467.04 0.0000e+00
      13157    520.000     0.2624     0.2628   2.943483   2.942943     2.0628      98.92     0.0113      0.214    6.85455    34.9132    34.9057    28.0217    1458.71    1467.02 0.0000e+00
      13179    521.000     0.2571     0.2576   2.943077   2.942544     2.0603      98.92     0.0140      0.190    6.84336    34.9133    34.9057    28.0220    1458.71    1467.00 0.0000e+00
      13202    522.000     0.2536     0.2539   2.942816   2.942273     2.0576      98.92     0.0142      0.196    6.83909    34.9132    34.9057    28.0222    1458.71    1466.99 0.0000e+00
      13227    523.000     0.2498     0.2500   2.942514   2.941953     2.0552      98.91     0.0147      0.191    6.83545    34.9129    34.9053    28.0222    1458.70    1466.97 0.0000e+00
      13254    524.000     0.2418     0.2423   2.941879   2.941341     2.0528      98.91     0.0165      0.254    6.84037    34.9130    34.9054    28.0227    1458.68    1466.96 0.0000e+00
      13279    525.000     0.2355     0.2363   2.941377   2.940880     2.0517      98.91     0.0134      0.239    6.86030    34.9130    34.9056    28.0230    1458.67    1466.94 0.0000e+00
      13302    526.000     0.2308     0.2303   2.941015   2.940395     2.0516      98.92     0.0135      0.202    6.87186    34.9130    34.9054    28.0233    1458.67    1466.92 0.0000e+00
      13324    527.000     0.2245     0.2244   2.940524   2.939941     2.0516      98.91     0.0148      0.783    6.87354    34.9130    34.9055    28.0237    1458.65    1466.91 0.0000e+00
      13347    528.000     0.2217     0.2217   2.940319   2.939747     2.0517      98.92     0.0162      0.188    6.87668    34.9129    34.9054    28.0238    1458.66    1466.89 0.0000e+00
      13371    529.000     0.2188     0.2190   2.940112   2.939551     2.0518      98.92     0.0174      0.198    6.88253    34.9129    34.9053    28.0239    1458.66    1466.88 0.0000e+00
      13396    530.000     0.2094     0.2085   2.939331   2.938677     2.0522      98.92     0.0134      0.193    6.89073    34.9127    34.9051    28.0242    1458.63    1466.86 0.0000e+00
      13420    531.000     0.2032     0.2030   2.938847   2.938258     2.0526      98.91     0.0150      0.192    6.89148    34.9127    34.9052    28.0246    1458.62    1466.85 0.0000e+00
      13443    532.000     0.1998     0.2000   2.938605   2.938044     2.0528      98.91     0.0175      0.200    6.89468    34.9128    34.9052    28.0249    1458.62    1466.83 0.0000e+00
      13466    533.000     0.1967     0.1967   2.938377   2.937805     2.0532      98.92     0.0176      0.209    6.89964    34.9127    34.9052    28.0250    1458.63    1466.81 0.0000e+00
      13490    534.000     0.1945     0.1950   2.938243   2.937709     2.0533      98.92     0.0158      0.282    6.88471    34.9128    34.9053    28.0252    1458.63    1466.80 0.0000e+00
      13514    535.000     0.1946     0.1948   2.938294   2.937742     2.0526      98.60     0.0145      0.195    6.87146    34.9128    34.9053    28.0252    1458.65    1466.78 0.0000e+00
      13538    536.000     0.1896     0.1898   2.937892   2.937344     2.0513      98.91     0.0161      0.210    6.86046    34.9126    34.9051    28.0253    1458.64    1466.77 0.0000e+00
      13562    537.000     0.1886     0.1892   2.937868   2.937349     2.0499      98.91     0.0139      0.198    6.85419    34.9128    34.9053    28.0255    1458.65    1466.75 0.0000e+00
      13586    538.000     0.1884     0.1883   2.937883   2.937300     2.0485      98.92     0.0168      0.194    6.85026    34.9126    34.9051    28.0254    1458.67    1466.74 0.0000e+00
      13610    539.000     0.1846     0.1848   2.937603   2.937045     2.0474      98.92     0.0151      0.192    6.85293    34.9127    34.9051    28.0257    1458.67    1466.72 0.0000e+00
      13634    540.000     0.1836     0.1841   2.937563   2.937036     2.0463      98.92     0.0157      0.191    6.84717    34.9127    34.9052    28.0257    1458.68    1466.71 0.0000e+00
      13657    541.000     0.1807     0.1809   2.937355   2.936799     2.0453      98.92     0.0127      0.188    6.84861    34.9126    34.9051    28.0258    1458.68    1466.69 0.0000e+00
      13679    542.000     0.1785     0.1788   2.937220   2.936664     2.0446      98.92     0.0119      0.189    6.84634    34.9128    34.9051    28.0261    1458.69    1466.68 0.0000e+00
      13703    543.000     0.1774     0.1779   2.937162   2.936631     2.0435      98.91     0.0129      0.186    6.84603    34.9126    34.9051    28.0260    1458.70    1466.66 0.0000e+00
      13728    544.000     0.1769     0.1773   2.937168   2.936620     2.0429      98.92     0.0154      0.188    6.84726    34.9127    34.9050    28.0261    1458.72    1466.65 0.0000e+00
      13752    545.000     0.1769     0.1771   2.937217   2.936657     2.0423      98.92     0.0134      0.196    6.84098    34.9127    34.9052    28.0262    1458.73    1466.63 0.0000e+00
      13776    546.000     0.1724     0.1723   2.936839   2.936247     2.0411      83.76     0.0168      0.192    6.82759    34.9123    34.9046    28.0260    1458.73    1466.62 0.0000e+00
      13800    547.000     0.1665     0.1670   2.936389   2.935851     2.0402      57.19     0.0155      0.196    6.84930    34.9124    34.9048    28.0265    1458.72    1466.61 0.0000e+00
      13824    548.000     0.1616     0.1615   2.935999   2.935408     2.0401      99.29     0.0141      0.191    6.84099    34.9123    34.9046    28.0266    1458.71    1466.59 0.0000e+00
      13847    549.000     0.1530     0.1530   2.935268   2.934676     2.0394      98.92     0.0148      0.220    6.84207    34.9118    34.9040    28.0267    1458.69    1466.58 0.0000e+00
      13870    550.000     0.1372     0.1372   2.933901   2.933299     2.0388      98.91     0.0150      0.196    6.84010    34.9111    34.9031    28.0270    1458.63    1466.56 0.0000e+00
      13893    551.000     0.1182     0.1181   2.932339   2.931750     2.0383      98.92     0.0146      0.211    6.84420    34.9114    34.9038    28.0284    1458.56    1466.55 0.0000e+00
      13917    552.000     0.1151     0.1148   2.932116   2.931802     2.0373      98.90     0.0169      0.225    6.83556    34.9114    34.9076    28.0285    1458.56    1466.53 0.0000e+00
      13942    553.000     0.1122     0.1139   2.931882   2.932313     2.0365      98.91     0.0159      0.199    6.83485    34.9110    34.9148    28.0284    1458.56    1466.52 0.0000e+00
      13967    554.000     0.1090     0.1200   2.931663   2.932596     2.0357      98.90     0.0118      0.195    6.83371    34.9112    34.9110    28.0286    1458.57    1466.50 0.0000e+00
      13990    555.000     0.1026     0.1253   2.931150   2.932813     2.0346      98.90     0.0134      0.193    6.83086    34.9110    34.9073    28.0289    1458.55    1466.49 0.0000e+00
      14013    556.000     0.0974     0.1282   2.930764   2.932945     2.0341      98.91     0.0169      0.191    6.83364    34.9113    34.9051    28.0294    1458.55    1466.48 0.0000e+00
      14037    557.000     0.0952     0.1293   2.930609   2.933086     2.0335      98.91     0.0160      0.203    6.83801    34.9111    34.9051    28.0294    1458.55    1466.46 0.0000e+00
      14060    558.000     0.0944     0.1305   2.930597   2.933238     2.0333      98.91     0.0180      0.203    6.83678    34.9113    34.9052    28.0295    1458.57    1466.45 0.0000e+00
      14084    559.000     0.0919     0.1317   2.930418   2.933365     2.0326      98.91     0.0182      0.210    6.83606    34.9112    34.9049    28.0296    1458.57    1466.43 0.0000e+00
      14109    560.000     0.0893     0.1329   2.930265   2.933522     2.0327      98.91     0.0152      0.197    6.85680    34.9115    34.9050    28.0300    1458.58    1466.42 0.0000e+00
      14133    561.000     0.0897     0.1342   2.930337   2.933669     2.0334      97.50     0.0126      0.236    6.85476    34.9114    34.9049    28.0299    1458.59    1466.40 0.0000e+00
      14156    562.000     0.0882     0.1351   2.930247   2.933845     2.0334      59.70     0.0119      0.196    6.87319    34.9113    34.9056    28.0299    1458.60    1466.39 0.0000e+00
      14179    563.000     0.0870     0.1368   2.930199   2.934145     2.0351      98.82     0.0155      0.193    6.88735    34.9114    34.9071    28.0301    1458.61    1466.38 0.0000e+00
      14204    564.000     0.0867     0.1390   2.930211   2.934394     2.0359      98.90     0.0179      0.188    6.87818    34.9114    34.9073    28.0300    1458.63    1466.36 0.0000e+00
      14228    565.000     0.0832     0.1416   2.929961   2.934544     2.0368      98.90     0.0179      0.190    6.88520    34.9114    34.9057    28.0303    1458.63    1466.35 0.0000e+00
      14251    566.000     0.0809     0.1434   2.929823   2.934622     2.0372      98.90     0.0173      0.188    6.88224    34.9116    34.9041    28.0306    1458.64    1466.34 0.0000e+00
      14274    567.000     0.0806     0.1443   2.929849   2.934655     2.0377      98.90     0.0573      0.196    6.88831    34.9117    34.9029    28.0307    1458.65    1466.32 0.0000e+00
      14297    568.000     0.0801     0.1439   2.929854   2.934627     2.0382      98.91     0.0357      0.194    6.88767    34.9118    34.9024    28.0307    1458.66    1466.31 0.0000e+00
      14322    569.000     0.0779     0.1430   2.929733   2.934542     2.0386      98.90     0.0252      0.194    6.89711    34.9121    34.9017    28.0311    1458.67    1466.30 0.0000e+00
      14347    570.000     0.0766     0.1425   2.929677   2.934460     2.0395      98.90     0.0231      0.199    6.91268    34.9122    34.9006    28.0313    1458.68    1466.28 0.0000e+00
      14372    571.000     0.0761     0.1417   2.929694   2.934326     2.0412      98.91     0.0227      0.206    6.93304    34.9124    34.8992    28.0315    1458.70    1466.27 0.0000e+00
      14395    572.000     0.0743     0.1388   2.929571   2.934170     2.0429      98.91     0.0218      0.379    6.95415    34.9122    34.8998    28.0314    1458.70    1466.26 0.0000e+00
      14417    573.000     0.0684     0.1372   2.929097   2.934073     2.0456      98.70     0.0174      0.265    6.97905    34.9121    34.8997    28.0316    1458.69    1466.24 0.0000e+00
      14440    574.000     0.0634     0.1356   2.928714   2.933974     2.0483      98.90     0.0156      0.190    6.99855    34.9121    34.8997    28.0319    1458.69    1466.23 0.0000e+00
      14465    575.000     0.0615     0.1340   2.928588   2.933838     2.0516      98.91     0.0179      0.255    7.01157    34.9120    34.8991    28.0319    1458.69    1466.22 0.0000e+00
      14489    576.000     0.0568     0.1314   2.928209   2.933715     2.0543      98.90     0.0165      0.216    7.01864    34.9117    34.8998    28.0320    1458.69    1466.20 0.0000e+00
      14512    577.000     0.0495     0.1296   2.927632   2.933606     2.0569      98.91     0.0122      0.187    7.02891    34.9118    34.8998    28.0324    1458.67    1466.19 0.0000e+00
      14536    578.000     0.0510     0.1283   2.927812   2.933521     2.0592      98.90     0.0120      0.190    7.04194    34.9119    34.8996    28.0324    1458.70    1466.18 0.0000e+00
      14559    579.000     0.0465     0.1266   2.927432   2.933386     2.0616      98.90     0.0158      0.183    7.05394    34.9114    34.8992    28.0322    1458.69    1466.16 0.0000e+00
      14583    580.000     0.0418     0.1239   2.927102   2.933244     2.0640      98.91     0.0199      0.235    7.05969    34.9117    34.8997    28.0328    1458.69    1466.15 0.0000e+00
      14607    581.000     0.0419     0.1222   2.927142   2.933148     2.0660      98.91     0.0190      0.238    7.06200    34.9116    34.8998    28.0327    1458.70    1466.14 0.0000e+00
      14631    582.000     0.0396     0.1208   2.926974   2.933041     2.0677      98.91     0.0177      0.183    7.07317    34.9114    34.8994    28.0326    1458.71    1466.12 0.0000e+00
      14654    583.000     0.0357     0.1186   2.926693   2.932925     2.0696      98.91     0.0162      0.192    7.08173    34.9115    34.8998    28.0329    1458.71    1466.11 0.0000e+00
      14677    584.000     0.0304     0.1163   2.926224   2.932861     2.0711      98.91     0.0161      0.191    7.07899    34.9107    34.9009    28.0326    1458.70    1466.10 0.0000e+00
      14701    585.000     0.0197     0.1150   2.925351   2.932717     2.0720      98.91     0.0172      0.186    7.07999    34.9107    34.8999    28.0332    1458.67    1466.09 0.0000e+00
      14725    586.000     0.0185     0.1133   2.925296   2.932598     2.0727      98.91     0.0169      0.183    7.07166    34.9108    34.8997    28.0333    1458.68    1466.07 0.0000e+00
      14749    587.000     0.0167     0.1108   2.925174   2.932464     2.0728      98.91     0.0166      0.217    7.07775    34.9106    34.9002    28.0332    1458.68    1466.06 0.0000e+00
      14773    588.000     0.0134     0.1088   2.924939   2.932335     2.0738      98.91     0.0198      0.180    7.09259    34.9106    34.9001    28.0335    1458.69    1466.05 0.0000e+00
      14797    589.000     0.0123     0.1071   2.924880   2.932187     2.0747      98.90     0.0193      0.185    7.09944    34.9105    34.8995    28.0334    1458.70    1466.04 0.0000e+00
      14821    590.000     0.0110     0.1048   2.924809   2.932001     2.0757      98.91     0.0151      0.182    7.10163    34.9105    34.8991    28.0334    1458.71    1466.02 0.0000e+00
      14844    591.000     0.0083     0.1028   2.924604   2.931863     2.0764      98.91     0.0152      0.182    7.09838    34.9102    34.8989    28.0334    1458.71    1466.01 0.0000e+00
      14867    592.000     0.0046     0.0999   2.924331   2.931663     2.0767      98.91     0.0134      0.183    7.09909    34.9102    34.8990    28.0336    1458.71    1466.00 0.0000e+00
      14889    593.000     0.0023     0.0975   2.924183   2.931446     2.0770      98.90     0.0152      0.188    7.10512    34.9103    34.8983    28.0338    1458.72    1465.99 0.0000e+00
      14912    594.000     0.0014     0.0947   2.924148   2.931272     2.0776      98.91     0.0174      0.182    7.10478    34.9103    34.8986    28.0338    1458.73    1465.97 0.0000e+00
      14935    595.000    -0.0015     0.0915   2.923921   2.931094     2.0775      98.91     0.0160      0.184    7.09787    34.9099    34.8992    28.0337    1458.73    1465.96 0.0000e+00
      14959    596.000    -0.0088     0.0885   2.923344   2.930895     2.0776      98.91     0.0158      0.183    7.10426    34.9100    34.8994    28.0341    1458.71    1465.95 0.0000e+00
      14983    597.000    -0.0108     0.0865   2.923230   2.930723     2.0776      98.91     0.0167      0.179    7.10303    34.9102    34.8988    28.0344    1458.72    1465.94 0.0000e+00
      15007    598.000    -0.0099     0.0849   2.923380   2.930549     2.0775      98.91     0.0173      0.182    7.10539    34.9106    34.8978    28.0346    1458.74    1465.93 0.0000e+00
