Physical_Data/CTD_Data/Example_Data/sta0479.cnv
* Sea-Bird SBE 9 Data File:
* FileName = C:\Seabird\CTDData\sta0479.hex
* Software Version Seasave V 7.21f
* Temperature SN = 4340
* Conductivity SN = 3012
* Number of Bytes Per Scan = 34
* Number of Voltage Words = 3
* Number of Scans Averaged by the Deck Unit = 1
* NMEA Latitude = 73 50.24 N
* NMEA Longitude = 007 33.86 E
* NMEA UTC (Time) = Jun 23 2016 08:33:51
* NMEA baud rate = 4800
** Ship: 10 F/F "G. O. Sars"
** Station: 0479
** Echodepth: 686
** Log: 7760.786
** Wind-Dir Force: 20 14
** Air-temp (dry): 6.7
** Weather Sky: 2 5
** Sea Ice: 3 0
** Par light: 451
# nquan = 17                                
# nvalues = 675                         
# units = specified
# name 0 = scan: Scan Count
# name 1 = prDM: Pressure, Digiquartz [db]
# name 2 = t068C: Temperature [ITS-68, deg C]
# name 3 = t168C: Temperature, 2 [ITS-68, deg C]
# name 4 = c0S/m: Conductivity [S/m]
# name 5 = c1S/m: Conductivity, 2 [S/m]
# name 6 = sbeox0V: Oxygen raw, SBE 43 [V]
# name 7 = altM: Altimeter [m]
# name 8 = flC: Fluorescence, Chelsea Aqua 3 Chl Con [ug/l]
# name 9 = seaTurbMtr: Turbidity, Seapoint [FTU]
# name 10 = sbeox0ML/L: Oxygen, SBE 43 [ml/l], WS = 2
# name 11 = sal00: Salinity, Practical [PSU]
# name 12 = sal11: Salinity, Practical, 2 [PSU]
# name 13 = sigma-t00: Density [sigma-t, Kg/m^3 ]
# name 14 = svCM: Sound Velocity [Chen-Millero, m/s]
# name 15 = avgsvCM: Average Sound Velocity [Chen-Millero, m/s], minP = 1, minS = 5
# name 16 = flag: flag
# span 0 =       -180,      18080       
# span 1 =      3.000,    677.000       
# span 2 =    -0.0710,     6.7750       
# span 3 =    -0.0589,     6.7763       
# span 4 =   2.919447,   3.519051       
# span 5 =   2.921871,   3.518320       
# span 6 =     1.9912,     2.5498       
# span 7 =      39.45,     100.65       
# span 8 =     0.0098,     1.2256       
# span 9 =      0.171,      4.186       
# span 10 =    6.56126,    7.16279      
# span 11 =    34.9113,    35.1360      
# span 12 =    34.8984,    35.1265      
# span 13 =    27.5495,    28.0395      
# span 14 =    1458.42,    1477.99      
# span 15 =    1465.09,    1477.99      
# span 16 = 0.0000e+00, 0.0000e+00      
# interval = decibars: 1                
# start_time = Jun 23 2016 08:33:54 [System UTC, header]
# bad_flag = -9.990e-29
*END*
[from data line 171]
       4869    174.000     4.3867     4.3864   3.307859   3.307011     2.2568      98.92     0.0158      0.301    6.60445    35.1157    35.1060    27.8368    1471.22    1472.99 0.0000e+00
       4891    175.000     4.3827     4.3824   3.307509   3.306662     2.2560      98.92     0.0169      0.327    6.60893    35.1153    35.1056    27.8369    1471.22    1472.98 0.0000e+00
       4913    176.000     4.3696     4.3692   3.306265   3.305398     2.2559      98.92     0.0147      0.298    6.61511    35.1140    35.1042    27.8374    1471.18    1472.97 0.0000e+00
       4938    177.000     4.3557     4.3554   3.305011   3.304162     2.2556      98.92     0.0150      0.347    6.61740    35.1135    35.1038    27.8385    1471.14    1472.96 0.0000e+00
       4964    178.000     4.3500     4.3499   3.304521   3.303695     2.2552      98.92     0.0179      0.329    6.61286    35.1132    35.1036    27.8389    1471.13    1472.95 0.0000e+00
       4990    179.000     4.3453     4.3450   3.304129   3.303275     2.2545      98.92     0.0170      0.313    6.61215    35.1131    35.1033    27.8393    1471.13    1472.94 0.0000e+00
       5012    180.000     4.3429     4.3426   3.303961   3.303116     2.2541      98.92     0.0183      0.394    6.61671    35.1131    35.1035    27.8396    1471.13    1472.93 0.0000e+00
       5033    181.000     4.3418     4.3416   3.303907   3.303079     2.2541      98.91     0.0177      0.310    6.61848    35.1131    35.1036    27.8397    1471.14    1472.92 0.0000e+00
       5055    182.000     4.3411     4.3409   3.303880   3.303047     2.2538      98.92     0.0187      0.317    6.61470    35.1130    35.1034    27.8397    1471.16    1472.91 0.0000e+00
       5080    183.000     4.3397     4.3392   3.303805   3.302940     2.2532      98.92     0.0155      0.308    6.60924    35.1131    35.1034    27.8399    1471.17    1472.90 0.0000e+00
       5109    184.000     4.3378     4.3380   3.303659   3.302863     2.2524      98.92     0.0168      0.299    6.61168    35.1128    35.1032    27.8399    1471.18    1472.89 0.0000e+00
       5136    185.000     4.3361     4.3353   3.303552   3.302666     2.2520      98.92     0.0162      0.299    6.61219    35.1128    35.1032    27.8401    1471.19    1472.88 0.0000e+00
       5160    186.000     4.3301     4.3295   3.303021   3.302147     2.2518      98.92     0.0185      0.338    6.61841    35.1124    35.1027    27.8404    1471.18    1472.87 0.0000e+00
       5182    187.000     4.3290     4.3288   3.302981   3.302152     2.2520      98.92     0.0175      0.303    6.62355    35.1126    35.1030    27.8406    1471.19    1472.86 0.0000e+00
       5202    188.000     4.3283     4.3282   3.302962   3.302136     2.2522      98.92     0.0152      0.304    6.62264    35.1126    35.1029    27.8407    1471.20    1472.85 0.0000e+00
       5224    189.000     4.3268     4.3266   3.302860   3.302018     2.2521      98.91     0.0129      0.303    6.61725    35.1124    35.1027    27.8408    1471.21    1472.84 0.0000e+00
       5248    190.000     4.3206     4.3200   3.302294   3.301421     2.2517      98.92     0.0132      0.310    6.61980    35.1118    35.1021    27.8409    1471.20    1472.84 0.0000e+00
       5273    191.000     4.3074     4.3073   3.301037   3.300201     2.2516      98.92     0.0165      0.303    6.62617    35.1105    35.1007    27.8413    1471.16    1472.83 0.0000e+00
       5299    192.000     4.2907     4.2905   3.299513   3.298672     2.2517      98.92     0.0169      0.297    6.62632    35.1097    35.1000    27.8425    1471.11    1472.82 0.0000e+00
       5325    193.000     4.2758     4.2754   3.298164   3.297312     2.2511      98.92     0.0175      0.301    6.62460    35.1091    35.0995    27.8437    1471.06    1472.81 0.0000e+00
       5350    194.000     4.2717     4.2714   3.297849   3.297005     2.2508      98.91     0.0176      0.335    6.62962    35.1092    35.0996    27.8442    1471.06    1472.80 0.0000e+00
       5373    195.000     4.2716     4.2717   3.297914   3.297105     2.2506      98.91     0.0159      0.301    6.62634    35.1096    35.0999    27.8445    1471.08    1472.79 0.0000e+00
       5394    196.000     4.2636     4.2634   3.297196   3.296356     2.2503      98.92     0.0144      0.312    6.63077    35.1091    35.0993    27.8450    1471.06    1472.78 0.0000e+00
       5415    197.000     4.2583     4.2581   3.296759   3.295910     2.2503      98.92     0.0190      0.375    6.62914    35.1090    35.0992    27.8455    1471.06    1472.77 0.0000e+00
       5439    198.000     4.2500     4.2497   3.296003   3.295161     2.2495      98.92     0.0145      0.315    6.62395    35.1084    35.0987    27.8459    1471.04    1472.76 0.0000e+00
       5465    199.000     4.2427     4.2424   3.295372   3.294525     2.2490      98.92     0.0144      0.379    6.63038    35.1081    35.0984    27.8465    1471.02    1472.76 0.0000e+00
       5491    200.000     4.2274     4.2272   3.293908   3.293067     2.2488      98.91     0.0143      0.298    6.63676    35.1066    35.0969    27.8469    1470.97    1472.75 0.0000e+00
       5517    201.000     4.2109     4.2106   3.292435   3.291583     2.2490      98.92     0.0158      0.322    6.64292    35.1062    35.0965    27.8484    1470.92    1472.74 0.0000e+00
       5540    202.000     4.2015     4.2011   3.291600   3.290750     2.2490      98.93     0.0139      0.310    6.64346    35.1058    35.0962    27.8491    1470.90    1472.73 0.0000e+00
       5562    203.000     4.1958     4.1955   3.291014   3.290261     2.2490      98.92     0.0170      0.291    6.64227    35.1044    35.0958    27.8486    1470.89    1472.72 0.0000e+00
       5584    204.000     4.1900     4.1896   3.290596   3.289746     2.2485      98.91     0.0189      0.303    6.63888    35.1051    35.0955    27.8498    1470.88    1472.71 0.0000e+00
       5607    205.000     4.1820     4.1816   3.289874   3.289020     2.2481      98.92     0.0162      0.373    6.64175    35.1046    35.0949    27.8502    1470.86    1472.70 0.0000e+00
       5632    206.000     4.1776     4.1773   3.289519   3.288688     2.2476      98.93     0.0134      0.297    6.63468    35.1045    35.0950    27.8506    1470.86    1472.69 0.0000e+00
       5657    207.000     4.1748     4.1744   3.289295   3.288427     2.2467      98.92     0.0133      0.286    6.63926    35.1043    35.0944    27.8508    1470.87    1472.68 0.0000e+00
       5682    208.000     4.1619     4.1617   3.288104   3.287267     2.2466      98.92     0.0148      0.294    6.64197    35.1034    35.0937    27.8514    1470.83    1472.67 0.0000e+00
       5707    209.000     4.1540     4.1535   3.287439   3.286582     2.2459      98.92     0.0162      0.341    6.63302    35.1034    35.0938    27.8523    1470.81    1472.67 0.0000e+00
       5729    210.000     4.1498     4.1494   3.287093   3.286245     2.2448      98.92     0.0117      0.298    6.63157    35.1033    35.0936    27.8526    1470.81    1472.66 0.0000e+00
       5751    211.000     4.1449     4.1450   3.286665   3.285873     2.2444      98.92     0.0110      0.290    6.63940    35.1029    35.0934    27.8528    1470.81    1472.65 0.0000e+00
       5775    212.000     4.1339     4.1339   3.285668   3.284855     2.2440      98.92     0.0160      0.285    6.63654    35.1023    35.0926    27.8535    1470.78    1472.64 0.0000e+00
       5800    213.000     4.1294     4.1292   3.285320   3.284493     2.2432      98.92     0.0161      0.285    6.63334    35.1024    35.0928    27.8541    1470.78    1472.63 0.0000e+00
       5825    214.000     4.1289     4.1287   3.285318   3.284495     2.2423      98.92     0.0182      0.291    6.63154    35.1024    35.0928    27.8541    1470.79    1472.62 0.0000e+00
       5848    215.000     4.1236     4.1235   3.284840   3.284021     2.2418      98.92     0.0171      0.327    6.63726    35.1018    35.0922    27.8543    1470.78    1472.61 0.0000e+00
       5872    216.000     4.1163     4.1161   3.284215   3.283388     2.2416      98.92     0.0172      0.294    6.63853    35.1016    35.0920    27.8549    1470.77    1472.60 0.0000e+00
       5897    217.000     4.1097     4.1096   3.283634   3.282817     2.2412      98.92     0.0155      0.341    6.63486    35.1013    35.0917    27.8553    1470.76    1472.60 0.0000e+00
       5922    218.000     4.1059     4.1052   3.283323   3.282451     2.2407      98.93     0.0145      0.296    6.63929    35.1011    35.0915    27.8556    1470.76    1472.59 0.0000e+00
       5948    219.000     4.1002     4.1011   3.282761   3.282040     2.2404      98.92     0.0153      0.346    6.63864    35.1000    35.0904    27.8553    1470.75    1472.58 0.0000e+00
       5972    220.000     4.0765     4.0764   3.280490   3.279642     2.2400      98.92     0.0149      0.445    6.63248    35.0978    35.0878    27.8561    1470.66    1472.57 0.0000e+00
       5994    221.000     4.0523     4.0510   3.278079   3.277119     2.2385      98.92     0.0178      0.402    6.63075    35.0945    35.0844    27.8560    1470.58    1472.56 0.0000e+00
       6017    222.000     4.0014     3.9986   3.273042   3.271939     2.2378      98.92     0.0180      0.284    6.64409    35.0884    35.0783    27.8566    1470.37    1472.55 0.0000e+00
       6041    223.000     3.9779     3.9776   3.270963   3.270109     2.2370      98.92     0.0180      0.283    6.64434    35.0883    35.0784    27.8589    1470.29    1472.54 0.0000e+00
       6067    224.000     3.9706     3.9725   3.270228   3.269579     2.2360      98.92     0.0178      0.273    6.63990    35.0868    35.0770    27.8585    1470.27    1472.53 0.0000e+00
       6094    225.000     3.9271     3.9298   3.265924   3.265346     2.2349      98.92     0.0195      0.280    6.64588    35.0815    35.0718    27.8589    1470.10    1472.52 0.0000e+00
       6118    226.000     3.9042     3.9030   3.263831   3.262889     2.2339      98.92     0.0185      0.294    6.63761    35.0806    35.0706    27.8605    1470.02    1472.51 0.0000e+00
       6142    227.000     3.9028     3.9022   3.263763   3.262886     2.2318      98.92     0.0201      0.294    6.62864    35.0807    35.0709    27.8607    1470.03    1472.50 0.0000e+00
       6166    228.000     3.9014     3.9015   3.263736   3.262937     2.2304      98.93     0.0168      0.276    6.63347    35.0813    35.0717    27.8614    1470.04    1472.49 0.0000e+00
       6189    229.000     3.8982     3.8979   3.263613   3.262793     2.2297      98.92     0.0160      0.351    6.63599    35.0827    35.0733    27.8628    1470.05    1472.48 0.0000e+00
       6214    230.000     3.8995     3.9000   3.263845   3.263099     2.2287      98.93     0.0178      0.367    6.62579    35.0836    35.0741    27.8634    1470.07    1472.47 0.0000e+00
       6238    231.000     3.8726     3.8723   3.261192   3.260350     2.2272      98.93     0.0195      0.377    6.62733    35.0802    35.0705    27.8634    1469.97    1472.46 0.0000e+00
       6262    232.000     3.8427     3.8436   3.258398   3.257662     2.2262      98.92     0.0181      0.278    6.63344    35.0783    35.0686    27.8651    1469.86    1472.44 0.0000e+00
       6287    233.000     3.8146     3.8143   3.255685   3.254849     2.2253      98.93     0.0199      0.364    6.63491    35.0755    35.0658    27.8657    1469.76    1472.43 0.0000e+00
       6312    234.000     3.7998     3.7993   3.254320   3.253452     2.2243      98.93     0.0202      0.289    6.63314    35.0745    35.0646    27.8664    1469.71    1472.42 0.0000e+00
       6337    235.000     3.7839     3.7831   3.252747   3.251859     2.2233      98.92     0.0202      0.272    6.63624    35.0722    35.0624    27.8662    1469.66    1472.41 0.0000e+00
       6361    236.000     3.7531     3.7532   3.249756   3.248948     2.2222      98.93     0.0199      0.303    6.63534    35.0689    35.0591    27.8667    1469.54    1472.40 0.0000e+00
       6385    237.000     3.7237     3.7233   3.247130   3.246285     2.2213      98.92     0.0166      0.271    6.63684    35.0684    35.0587    27.8694    1469.43    1472.38 0.0000e+00
       6410    238.000     3.7172     3.7169   3.246538   3.245704     2.2199      98.92     0.0185      0.281    6.63555    35.0678    35.0581    27.8695    1469.42    1472.37 0.0000e+00
       6433    239.000     3.6936     3.6931   3.244302   3.243453     2.2193      98.92     0.0178      0.273    6.64014    35.0658    35.0561    27.8703    1469.34    1472.36 0.0000e+00
       6458    240.000     3.6655     3.6658   3.241677   3.240903     2.2182      98.92     0.0142      0.294    6.63889    35.0639    35.0543    27.8717    1469.23    1472.35 0.0000e+00
       6483    241.000     3.6364     3.6364   3.239068   3.238264     2.2172      98.93     0.0142      0.269    6.64239    35.0633    35.0537    27.8741    1469.12    1472.33 0.0000e+00
       6508    242.000     3.6258     3.6252   3.238153   3.237301     2.2160      98.92     0.0172      0.299    6.63885    35.0632    35.0536    27.8751    1469.10    1472.32 0.0000e+00
       6531    243.000     3.6180     3.6176   3.237472   3.236635     2.2150      98.92     0.0177      0.314    6.64039    35.0628    35.0532    27.8756    1469.08    1472.31 0.0000e+00
       6554    244.000     3.6119     3.6113   3.236979   3.236130     2.2145      98.92     0.0221      0.299    6.64368    35.0629    35.0534    27.8763    1469.07    1472.29 0.0000e+00
       6577    245.000     3.6088     3.6085   3.236729   3.235902     2.2139      98.92     0.0210      0.321    6.64662    35.0627    35.0531    27.8764    1469.07    1472.28 0.0000e+00
       6602    246.000     3.6007     3.5992   3.235987   3.235078     2.2140      98.93     0.0194      0.403    6.66291    35.0619    35.0526    27.8766    1469.05    1472.27 0.0000e+00
       6627    247.000     3.5841     3.5865   3.234444   3.233860     2.2148      98.92     0.0201      0.286    6.66833    35.0607    35.0511    27.8773    1469.00    1472.25 0.0000e+00
       6651    248.000     3.5674     3.5665   3.232960   3.232105     2.2150      98.92     0.0200      0.265    6.66187    35.0603    35.0509    27.8786    1468.95    1472.24 0.0000e+00
       6676    249.000     3.5617     3.5619   3.232496   3.231736     2.2143      98.93     0.0216      0.270    6.66013    35.0603    35.0509    27.8792    1468.94    1472.23 0.0000e+00
       6702    250.000     3.5597     3.5605   3.232335   3.231649     2.2142      98.92     0.0194      0.266    6.66182    35.0599    35.0508    27.8791    1468.95    1472.21 0.0000e+00
       6728    251.000     3.5537     3.5536   3.231820   3.231037     2.2138      98.92     0.0176      0.264    6.66182    35.0596    35.0503    27.8795    1468.94    1472.20 0.0000e+00
       6753    252.000     3.5383     3.5386   3.230399   3.229654     2.2134      98.92     0.0167      0.313    6.66182    35.0586    35.0493    27.8802    1468.89    1472.19 0.0000e+00
       6776    253.000     3.5283     3.5278   3.229520   3.228696     2.2129      98.92     0.0176      0.273    6.65487    35.0582    35.0488    27.8809    1468.86    1472.17 0.0000e+00
       6799    254.000     3.5123     3.5119   3.228025   3.227218     2.2116      98.92     0.0172      0.254    6.64886    35.0569    35.0476    27.8814    1468.81    1472.16 0.0000e+00
       6821    255.000     3.4991     3.4989   3.226855   3.226061     2.2104      98.92     0.0155      0.261    6.65151    35.0564    35.0471    27.8824    1468.77    1472.15 0.0000e+00
       6844    256.000     3.4856     3.4855   3.225606   3.224825     2.2096      98.93     0.0158      0.262    6.65607    35.0554    35.0461    27.8829    1468.73    1472.13 0.0000e+00
       6868    257.000     3.4761     3.4760   3.224864   3.224079     2.2090      98.93     0.0170      0.318    6.65035    35.0561    35.0467    27.8844    1468.70    1472.12 0.0000e+00
