Physical_Data/CTD_Data/Example_Data/sta0481.cnv
* Sea-Bird SBE 9 Data File:
* FileName = C:\Seabird\CTDData\sta0481.hex
* Software Version Seasave V 7.21f
* Temperature SN = 4340
* Conductivity SN = 3012
* Number of Bytes Per Scan = 34
* Number of Voltage Words = 3
* Number of Scans Averaged by the Deck Unit = 1
* NMEA Latitude = 73 49.27 N
* NMEA Longitude = 007 31.63 E
* NMEA UTC (Time) = Jun 23 2016 10:15:11
* NMEA baud rate = 4800
** Ship: 10 F/F "G. O. Sars"
** Station: 0481
** Echodepth: 720
** Log: 7761
** Wind-Dir Force: 20 14
** Air-temp (dry): 6.4
** Weather Sky: 2 5
** Sea Ice: 3 0
** Par light: 451
# nquan = 17                                
# nvalues = 713                         
# units = specified
# name 0 = scan: Scan Count
# name 1 = prDM: Pressure, Digiquartz [db]
# name 2 = t068C: Temperature [ITS-68, deg C]
# name 3 = t168C: Temperature, 2 [ITS-68, deg C]
# name 4 = c0S/m: Conductivity [S/m]
# name 5 = c1S/m: Conductivity, 2 [S/m]
# name 6 = sbeox0V: Oxygen raw, SBE 43 [V]
# name 7 = altM: Altimeter [m]
# name 8 = flC: Fluorescence, Chelsea Aqua 3 Chl Con [ug/l]
# name 9 = seaTurbMtr: Turbidity, Seapoint [FTU]
# name 10 = sbeox0ML/L: Oxygen, SBE 43 [ml/l], WS = 2
# name 11 = sal00: Salinity, Practical [PSU]
# name 12 = sal11: Salinity, Practical, 2 [PSU]
# name 13 = sigma-t00: Density [sigma-t, Kg/m^3 ]
# name 14 = svCM: Sound Velocity [Chen-Millero, m/s]
# name 15 = avgsvCM: Average Sound Velocity [Chen-Millero, m/s], minP = 1, minS = 5
# name 16 = flag: flag
# span 0 =        517,      19391       
# span 1 =      5.000,    717.000       
# span 2 =    -0.2637,     6.4425       
# span 3 =    -0.2597,     6.4412       
# span 4 =   2.906881,   3.488135       
# span 5 =   2.909316,   3.487073       
# span 6 =     1.9635,     2.5701       
# span 7 =       8.99,      99.65       
# span 8 =     0.0102,     0.9587       
# span 9 =      0.160,      3.088       
# span 10 =    6.56798,    7.33227      
# span 11 =    34.9108,    35.1330      
# span 12 =    34.8977,    35.1232      
# span 13 =    27.5916,    28.0497      
# span 14 =    1458.42,    1476.72      
# span 15 =    1464.25,    1476.72      
# span 16 = 0.0000e+00, 0.0000e+00      
# interval = decibars: 1                
# start_time = Jun 23 2016 10:15:14 [System UTC, header]
# bad_flag = -9.990e-29
*END*
        517      5.000     6.4425     6.4412   3.488135   3.487073     2.5671      98.85     0.4887      3.006    7.24690    35.1222    35.1117    27.5916    1476.72    1476.72 0.0000e+00
        545      6.000     6.4378     6.4399   3.487769   3.486998     2.5675      98.85     0.4890      2.929    7.23647    35.1224    35.1116    27.5924    1476.72    1476.72 0.0000e+00
        565      7.000     6.4267     6.4274   3.486799   3.485824     2.5668      98.85     0.4746      3.019    7.23503    35.1225    35.1109    27.5939    1476.69    1476.71 0.0000e+00
        589      8.000     6.4043     6.4051   3.484741   3.483803     2.5666      98.85     0.5264      3.088    7.24321    35.1220    35.1107    27.5965    1476.62    1476.70 0.0000e+00
        617      9.000     6.3868     6.3854   3.483134   3.481972     2.5670      98.85     0.7121      2.998    7.26130    35.1216    35.1100    27.5985    1476.56    1476.69 0.0000e+00
        645     10.000     6.3566     6.3543   3.480273   3.479062     2.5688      98.85     0.8156      2.918    7.27870    35.1201    35.1089    27.6013    1476.46    1476.66 0.0000e+00
        671     11.000     6.2900     6.2916   3.473910   3.472925     2.5701      98.85     0.9060      2.761    7.28404    35.1169    35.1042    27.6076    1476.21    1476.62 0.0000e+00
        694     12.000     6.2335     6.2317   3.468594   3.467337     2.5697      98.85     0.9587      2.605    7.28107    35.1150    35.1028    27.6136    1476.00    1476.57 0.0000e+00
        717     13.000     6.1427     6.1426   3.460057   3.458923     2.5684      98.85     0.9453      2.449    7.28636    35.1123    35.0996    27.6233    1475.66    1476.50 0.0000e+00
        741     14.000     5.9889     5.9844   3.445685   3.444139     2.5670      98.85     0.8898      2.102    7.31144    35.1088    35.0960    27.6404    1475.06    1476.40 0.0000e+00
        766     15.000     5.8726     5.8696   3.435468   3.434117     2.5653      98.86     0.8151      2.106    7.31675    35.1133    35.1011    27.6588    1474.62    1476.28 0.0000e+00
        790     16.000     5.8266     5.8255   3.431313   3.430117     2.5622      98.85     0.8146      2.172    7.30966    35.1134    35.1010    27.6647    1474.46    1476.17 0.0000e+00
        814     17.000     5.7991     5.7984   3.428808   3.427684     2.5597      98.85     0.8519      2.214    7.31760    35.1130    35.1010    27.6679    1474.36    1476.06 0.0000e+00
        839     18.000     5.7703     5.7692   3.426168   3.425036     2.5586      98.85     0.8978      2.153    7.33227    35.1125    35.1007    27.6711    1474.26    1475.96 0.0000e+00
        863     19.000     5.7334     5.7319   3.422778   3.421616     2.5578      98.86     0.9131      2.121    7.32865    35.1118    35.1001    27.6751    1474.13    1475.86 0.0000e+00
        886     20.000     5.7073     5.7069   3.420254   3.419189     2.5556      98.86     0.9212      2.062    7.31007    35.1097    35.0979    27.6768    1474.04    1475.77 0.0000e+00
        909     21.000     5.6660     5.6638   3.416446   3.415227     2.5523      98.86     0.8990      1.781    7.29163    35.1088    35.0972    27.6812    1473.89    1475.68 0.0000e+00
        934     22.000     5.6511     5.6495   3.415066   3.413952     2.5469      98.86     0.8326      1.757    7.26254    35.1080    35.0970    27.6825    1473.85    1475.60 0.0000e+00
        963     23.000     5.6409     5.6419   3.414100   3.413233     2.5398      77.86     0.7953      1.746    7.23063    35.1071    35.0962    27.6830    1473.82    1475.52 0.0000e+00
        992     24.000     5.6219     5.6214   3.412440   3.411443     2.5325      65.23     0.7836      1.628    7.21657    35.1075    35.0966    27.6857    1473.76    1475.45 0.0000e+00
       1015     25.000     5.6174     5.6171   3.412161   3.411203     2.5271      99.32     0.7515      1.623    7.19957    35.1084    35.0978    27.6870    1473.76    1475.38 0.0000e+00
       1036     26.000     5.6130     5.6128   3.411903   3.410959     2.5226      98.86     0.7118      1.730    7.18367    35.1096    35.0990    27.6884    1473.76    1475.32 0.0000e+00
       1057     27.000     5.6107     5.6102   3.411766   3.410792     2.5174      98.86     0.6726      1.672    7.16601    35.1099    35.0993    27.6890    1473.77    1475.26 0.0000e+00
       1081     28.000     5.6024     5.6019   3.411052   3.410100     2.5122      98.86     0.6438      1.624    7.15924    35.1099    35.0995    27.6900    1473.75    1475.21 0.0000e+00
       1107     29.000     5.5516     5.5548   3.406278   3.405622     2.5074      98.86     0.6050      1.577    7.15591    35.1078    35.0969    27.6946    1473.57    1475.15 0.0000e+00
       1133     30.000     5.5152     5.5129   3.402978   3.401819     2.5021      98.72     0.5684      1.503    7.13358    35.1075    35.0966    27.6989    1473.44    1475.09 0.0000e+00
       1156     31.000     5.5006     5.4988   3.401699   3.400603     2.4969      98.72     0.5413      1.514    7.11689    35.1076    35.0969    27.7008    1473.39    1475.04 0.0000e+00
       1179     32.000     5.4989     5.4989   3.401697   3.400806     2.4914      98.86     0.5210      1.504    7.10428    35.1088    35.0986    27.7019    1473.40    1474.99 0.0000e+00
       1204     33.000     5.5019     5.5013   3.402220   3.401264     2.4871      98.86     0.5010      1.447    7.10862    35.1111    35.1008    27.7034    1473.44    1474.94 0.0000e+00
       1231     34.000     5.4870     5.4857   3.401023   3.399997     2.4840      98.87     0.4680      1.460    7.10530    35.1125    35.1021    27.7063    1473.39    1474.90 0.0000e+00
       1256     35.000     5.4477     5.4473   3.397373   3.396450     2.4809      98.86     0.4342      1.331    7.09346    35.1112    35.1010    27.7101    1473.25    1474.85 0.0000e+00
       1280     36.000     5.4782     5.4783   3.401518   3.400675     2.4764      98.87     0.4116      1.095    7.05597    35.1263    35.1165    27.7183    1473.41    1474.81 0.0000e+00
       1303     37.000     5.5085     5.5098   3.404600   3.403917     2.4714      98.87     0.3410      0.976    7.03478    35.1294    35.1202    27.7171    1473.55    1474.77 0.0000e+00
       1326     38.000     5.4428     5.4465   3.398142   3.397432     2.4670      98.87     0.2702      1.084    7.01377    35.1236    35.1116    27.7205    1473.30    1474.74 0.0000e+00
       1349     39.000     5.4053     5.4025   3.394025   3.392828     2.4585      98.87     0.2571      1.237    6.92584    35.1151    35.1042    27.7183    1473.15    1474.69 0.0000e+00
       1373     40.000     5.3527     5.3518   3.388975   3.387982     2.4438      98.87     0.2637      1.296    6.85209    35.1116    35.1011    27.7220    1472.95    1474.65 0.0000e+00
       1399     41.000     5.3503     5.3499   3.388744   3.387823     2.4292      98.88     0.3199      1.253    6.85308    35.1109    35.1007    27.7217    1472.96    1474.61 0.0000e+00
       1426     42.000     5.3117     5.3129   3.384832   3.384038     2.4227      98.88     0.3555      1.292    6.93261    35.1058    35.0954    27.7224    1472.81    1474.57 0.0000e+00
       1452     43.000     5.2686     5.2670   3.380892   3.379846     2.4236      98.87     0.3571      1.161    7.00046    35.1051    35.0948    27.7270    1472.65    1474.52 0.0000e+00
       1475     44.000     5.2565     5.2564   3.379898   3.379006     2.4282      98.88     0.3388      1.220    7.04867    35.1058    35.0957    27.7290    1472.62    1474.48 0.0000e+00
       1498     45.000     5.2461     5.2460   3.379083   3.378170     2.4334      98.88     0.3258      1.095    7.07239    35.1068    35.0964    27.7310    1472.60    1474.44 0.0000e+00
       1522     46.000     5.2447     5.2413   3.379119   3.377876     2.4385      98.89     0.3158      1.079    7.07948    35.1082    35.0974    27.7323    1472.61    1474.40 0.0000e+00
       1546     47.000     5.2020     5.2004   3.374922   3.373885     2.4419      98.88     0.2992      1.092    7.07612    35.1041    35.0938    27.7341    1472.45    1474.36 0.0000e+00
       1570     48.000     5.1402     5.1391   3.369287   3.368292     2.4430      98.88     0.2881      1.003    7.06351    35.1034    35.0930    27.7409    1472.22    1474.31 0.0000e+00
       1595     49.000     5.1235     5.1229   3.367889   3.366945     2.4415      98.89     0.2756      1.596    7.03391    35.1042    35.0939    27.7436    1472.17    1474.27 0.0000e+00
       1621     50.000     5.1030     5.1026   3.366128   3.365195     2.4378      98.89     0.2619      1.070    7.01401    35.1049    35.0945    27.7465    1472.10    1474.22 0.0000e+00
       1646     51.000     5.0970     5.0971   3.365623   3.364753     2.4345      98.88     0.2505      1.017    7.00337    35.1048    35.0946    27.7472    1472.09    1474.18 0.0000e+00
       1671     52.000     5.0812     5.0803   3.364205   3.363253     2.4305      98.89     0.2423      0.894    6.98552    35.1045    35.0944    27.7488    1472.04    1474.14 0.0000e+00
       1694     53.000     5.0768     5.0767   3.363882   3.363000     2.4266      98.89     0.2365      0.934    6.97429    35.1049    35.0947    27.7496    1472.04    1474.10 0.0000e+00
       1717     54.000     5.0609     5.0606   3.362375   3.361475     2.4229      98.89     0.2336      0.950    6.96873    35.1036    35.0935    27.7505    1471.99    1474.06 0.0000e+00
       1740     55.000     5.0336     5.0332   3.359943   3.359045     2.4198      98.89     0.2274      0.896    6.97218    35.1036    35.0936    27.7537    1471.90    1474.02 0.0000e+00
       1764     56.000     5.0015     5.0014   3.357033   3.356136     2.4175      98.89     0.2129      0.989    6.98245    35.1032    35.0928    27.7571    1471.78    1473.98 0.0000e+00
       1789     57.000     4.9897     4.9894   3.356225   3.355322     2.4156      98.90     0.1961      0.883    6.96986    35.1057    35.0955    27.7605    1471.76    1473.94 0.0000e+00
       1814     58.000     4.9899     4.9896   3.356315   3.355415     2.4127      98.89     0.1809      0.944    6.95808    35.1060    35.0958    27.7607    1471.77    1473.91 0.0000e+00
       1838     59.000     4.9929     4.9951   3.356843   3.356228     2.4100      98.90     0.1751      0.762    6.94671    35.1084    35.0990    27.7623    1471.80    1473.87 0.0000e+00
       1863     60.000     5.0144     5.0147   3.359276   3.358435     2.4068      98.90     0.1645      0.711    6.92701    35.1135    35.1034    27.7638    1471.91    1473.84 0.0000e+00
       1886     61.000     4.9979     4.9972   3.357712   3.356806     2.4035      98.90     0.1411      0.691    6.91035    35.1122    35.1024    27.7647    1471.86    1473.81 0.0000e+00
       1910     62.000     4.9841     4.9842   3.356588   3.355739     2.3993      98.90     0.1271      0.671    6.89083    35.1131    35.1032    27.7670    1471.82    1473.77 0.0000e+00
       1934     63.000     4.9651     4.9644   3.354901   3.353957     2.3945      98.91     0.1238      0.679    6.86524    35.1130    35.1028    27.7692    1471.76    1473.74 0.0000e+00
       1960     64.000     4.9717     4.9752   3.356154   3.355662     2.3877      98.91     0.1151      0.699    6.83102    35.1201    35.1107    27.7740    1471.82    1473.71 0.0000e+00
       1988     65.000     5.0223     5.0228   3.361512   3.360744     2.3806      98.91     0.0912      0.547    6.80081    35.1284    35.1190    27.7747    1472.05    1473.69 0.0000e+00
       2012     66.000     5.0332     5.0323   3.362673   3.361747     2.3750      98.91     0.0654      0.480    6.78385    35.1298    35.1200    27.7745    1472.11    1473.66 0.0000e+00
       2035     67.000     5.0284     5.0309   3.362455   3.361838     2.3694      98.91     0.0531      0.510    6.74436    35.1318    35.1220    27.7767    1472.11    1473.64 0.0000e+00
       2057     68.000     5.0231     5.0232   3.361848   3.360962     2.3616      98.91     0.0476      0.583    6.68804    35.1298    35.1195    27.7757    1472.10    1473.62 0.0000e+00
       2081     69.000     4.9869     4.9864   3.358286   3.357403     2.3512      98.90     0.0441      0.487    6.65125    35.1261    35.1164    27.7770    1471.97    1473.59 0.0000e+00
       2108     70.000     4.9627     4.9649   3.355894   3.355238     2.3402      98.91     0.0454      0.538    6.62632    35.1234    35.1134    27.7777    1471.88    1473.57 0.0000e+00
       2135     71.000     4.9203     4.9206   3.351774   3.350935     2.3308      98.90     0.0520      0.568    6.63051    35.1197    35.1096    27.7797    1471.72    1473.54 0.0000e+00
       2159     72.000     4.9067     4.9066   3.350509   3.349634     2.3256      98.91     0.0625      0.617    6.65212    35.1188    35.1087    27.7805    1471.68    1473.52 0.0000e+00
       2182     73.000     4.9149     4.9147   3.351759   3.350919     2.3234      98.90     0.0602      0.464    6.67320    35.1241    35.1146    27.7838    1471.74    1473.49 0.0000e+00
       2205     74.000     4.9168     4.9166   3.351973   3.351109     2.3234      98.90     0.0535      0.460    6.69677    35.1241    35.1142    27.7836    1471.76    1473.47 0.0000e+00
       2229     75.000     4.9177     4.9165   3.352188   3.351207     2.3246      98.91     0.0484      0.431    6.69908    35.1251    35.1150    27.7843    1471.78    1473.45 0.0000e+00
       2254     76.000     4.9061     4.9060   3.351202   3.350346     2.3243      98.91     0.0446      0.433    6.68079    35.1253    35.1155    27.7858    1471.75    1473.42 0.0000e+00
       2279     77.000     4.9390     4.9397   3.354771   3.353993     2.3226      98.91     0.0422      0.408    6.66637    35.1316    35.1218    27.7869    1471.91    1473.40 0.0000e+00
       2304     78.000     4.9357     4.9360   3.354405   3.353575     2.3212      98.91     0.0367      0.431    6.65282    35.1303    35.1203    27.7863    1471.91    1473.38 0.0000e+00
       2329     79.000     4.9339     4.9338   3.354501   3.353636     2.3179      98.90     0.0325      0.454    6.62287    35.1328    35.1228    27.7885    1471.92    1473.37 0.0000e+00
       2354     80.000     4.9371     4.9374   3.354862   3.354043     2.3138      98.90     0.0292      0.371    6.60764    35.1330    35.1232    27.7883    1471.95    1473.35 0.0000e+00
       2378     81.000     4.9291     4.9283   3.354090   3.353171     2.3103      98.91     0.0292      0.455    6.60375    35.1320    35.1221    27.7884    1471.94    1473.33 0.0000e+00
       2401     82.000     4.9143     4.9150   3.352685   3.351886     2.3074      98.90     0.0304      0.459    6.59992    35.1307    35.1207    27.7891    1471.89    1473.31 0.0000e+00
       2424     83.000     4.9091     4.9084   3.352314   3.351416     2.3046      98.91     0.0309      0.383    6.59164    35.1314    35.1217    27.7902    1471.89    1473.30 0.0000e+00
       2448     84.000     4.9062     4.9059   3.352074   3.351179     2.3020      98.90     0.0289      0.403    6.59445    35.1311    35.1210    27.7904    1471.89    1473.28 0.0000e+00
       2474     85.000     4.9059     4.9054   3.352221   3.351315     2.3005      98.91     0.0263      0.348    6.60136    35.1326    35.1226    27.7916    1471.91    1473.26 0.0000e+00
       2499     86.000     4.9017     4.9015   3.351905   3.351018     2.2994      98.91     0.0262      0.351    6.59776    35.1328    35.1227    27.7923    1471.91    1473.25 0.0000e+00
       2524     87.000     4.8847     4.8844   3.350324   3.349423     2.2982      98.91     0.0253      0.365    6.59174    35.1318    35.1217    27.7934    1471.85    1473.23 0.0000e+00
       2549     88.000     4.8744     4.8741   3.349461   3.348556     2.2959      98.90     0.0251      0.359    6.57434    35.1321    35.1219    27.7949    1471.83    1473.22 0.0000e+00
       2573     89.000     4.8714     4.8706   3.349248   3.348315     2.2934      98.91     0.0267      0.386    6.56798    35.1323    35.1223    27.7953    1471.83    1473.20 0.0000e+00
