Physical_Data/CTD_Data/Example_Data/sta0474.cnv
* Sea-Bird SBE 9 Data File:
* FileName = C:\Seabird\CTDData\sta0474.hex
* Software Version Seasave V 7.21f
* Temperature SN = 4340
* Conductivity SN = 3012
* Number of Bytes Per Scan = 34
* Number of Voltage Words = 3
* Number of Scans Averaged by the Deck Unit = 1
* NMEA Latitude = 73 48.66 N
* NMEA Longitude = 007 32.88 E
* NMEA UTC (Time) = Jun 22 2016 05:47:16
* NMEA baud rate = 4800
** Ship: 10 F/F "G. O. Sars"
** Station: 0474
** Echodepth: 928
** Log: 7734.484
** Wind-Dir Force: 19 04
** Air-temp (dry): 4.7
** Weather Sky: 2 5
** Sea Ice: 3 0
** Par light: 451
# nquan = 17                                
# nvalues = 916                         
# units = specified
# name 0 = scan: Scan Count
# name 1 = prDM: Pressure, Digiquartz [db]
# name 2 = t068C: Temperature [ITS-68, deg C]
# name 3 = t168C: Temperature, 2 [ITS-68, deg C]
# name 4 = c0S/m: Conductivity [S/m]
# name 5 = c1S/m: Conductivity, 2 [S/m]
# name 6 = sbeox0V: Oxygen raw, SBE 43 [V]
# name 7 = altM: Altimeter [m]
# name 8 = flC: Fluorescence, Chelsea Aqua 3 Chl Con [ug/l]
# name 9 = seaTurbMtr: Turbidity, Seapoint [FTU]
# name 10 = sbeox0ML/L: Oxygen, SBE 43 [ml/l], WS = 2
# name 11 = sal00: Salinity, Practical [PSU]
# name 12 = sal11: Salinity, Practical, 2 [PSU]
# name 13 = sigma-t00: Density [sigma-t, Kg/m^3 ]
# name 14 = svCM: Sound Velocity [Chen-Millero, m/s]
# name 15 = avgsvCM: Average Sound Velocity [Chen-Millero, m/s], minP = 1, minS = 5
# name 16 = flag: flag
# span 0 =         95,      23150       
# span 1 =      2.000,    917.000       
# span 2 =    -0.3767,     6.4300       
# span 3 =    -0.3687,     6.4285       
# span 4 =   2.905713,   3.487087       
# span 5 =   2.909029,   3.486117       
# span 6 =     1.9166,     2.5573       
# span 7 =      35.09,      99.63       
# span 8 =     0.0094,     1.1004       
# span 9 =      0.168,      2.710       
# span 10 =    6.61125,    7.28989      
# span 11 =    34.9106,    35.1282      
# span 12 =    34.8953,    35.1172      
# span 13 =    27.5954,    28.0541      
# span 14 =    1458.53,    1476.62      
# span 15 =    1463.80,    1476.62      
# span 16 = 0.0000e+00, 0.0000e+00      
# interval = decibars: 1                
# start_time = Jun 22 2016 05:47:18 [System UTC, header]
# bad_flag = -9.990e-29
*END*
[from data line 766]
      18897    768.000    -0.1783    -0.1542   2.916722   2.917947     1.9546      98.91     0.0179      0.182    6.72764    34.9133    34.9022    28.0457    1460.77    1464.23 0.0000e+00
      18921    769.000    -0.1796    -0.1547   2.916645   2.917957     1.9544      98.91     0.0180      0.185    6.72406    34.9132    34.9023    28.0457    1460.78    1464.23 0.0000e+00
      18944    770.000    -0.1848    -0.1545   2.916237   2.917946     1.9542      98.91     0.0160      0.183    6.72073    34.9131    34.9014    28.0459    1460.77    1464.22 0.0000e+00
      18968    771.000    -0.1866    -0.1557   2.916118   2.917934     1.9536      98.91     0.0151      0.185    6.72018    34.9130    34.9020    28.0459    1460.78    1464.22 0.0000e+00
      18992    772.000    -0.1878    -0.1565   2.916080   2.917922     1.9535      98.91     0.0137      0.180    6.72932    34.9133    34.9021    28.0461    1460.79    1464.21 0.0000e+00
      19015    773.000    -0.1883    -0.1574   2.916082   2.917901     1.9537      98.91     0.0124      0.181    6.73581    34.9133    34.9023    28.0462    1460.80    1464.21 0.0000e+00
      19038    774.000    -0.1881    -0.1581   2.916155   2.917906     1.9538      98.91     0.0150      0.188    6.73170    34.9134    34.9026    28.0463    1460.82    1464.20 0.0000e+00
      19061    775.000    -0.1883    -0.1585   2.916180   2.917918     1.9536      98.92     0.0155      0.186    6.72941    34.9134    34.9026    28.0463    1460.84    1464.20 0.0000e+00
      19085    776.000    -0.1895    -0.1591   2.916124   2.917914     1.9535      98.91     0.0184      0.181    6.72700    34.9134    34.9026    28.0464    1460.85    1464.19 0.0000e+00
      19109    777.000    -0.1900    -0.1593   2.916126   2.917925     1.9531      98.91     0.0143      0.183    6.72148    34.9134    34.9024    28.0464    1460.86    1464.19 0.0000e+00
      19132    778.000    -0.1891    -0.1598   2.916249   2.917936     1.9526      98.91     0.0144      0.183    6.72136    34.9135    34.9026    28.0464    1460.88    1464.19 0.0000e+00
      19154    779.000    -0.1880    -0.1606   2.916378   2.917941     1.9524      98.91     0.0142      0.182    6.72580    34.9133    34.9029    28.0462    1460.91    1464.18 0.0000e+00
      19177    780.000    -0.1879    -0.1609   2.916427   2.917951     1.9523      98.91     0.0155      0.177    6.72866    34.9133    34.9028    28.0462    1460.92    1464.18 0.0000e+00
      19201    781.000    -0.1870    -0.1612   2.916541   2.917957     1.9522      98.91     0.0135      0.185    6.73173    34.9132    34.9027    28.0460    1460.94    1464.17 0.0000e+00
      19226    782.000    -0.1860    -0.1616   2.916676   2.917944     1.9523      98.91     0.0154      0.182    6.73142    34.9132    34.9024    28.0460    1460.96    1464.17 0.0000e+00
      19250    783.000    -0.1866    -0.1618   2.916649   2.917943     1.9523      98.91     0.0142      0.220    6.72491    34.9130    34.9020    28.0459    1460.98    1464.17 0.0000e+00
      19273    784.000    -0.1917    -0.1633   2.916262   2.917916     1.9512      86.19     0.0145      0.185    6.70723    34.9131    34.9027    28.0462    1460.97    1464.16 0.0000e+00
      19296    785.000    -0.1930    -0.1639   2.916199   2.917895     1.9510      93.93     0.0121      0.185    6.72800    34.9131    34.9026    28.0463    1460.98    1464.16 0.0000e+00
      19319    786.000    -0.1922    -0.1646   2.916319   2.917873     1.9506      98.84     0.0138      0.192    6.71326    34.9132    34.9025    28.0463    1461.00    1464.15 0.0000e+00
      19342    787.000    -0.1929    -0.1652   2.916294   2.917845     1.9499      98.91     0.0135      0.180    6.72018    34.9131    34.9022    28.0463    1461.01    1464.15 0.0000e+00
      19366    788.000    -0.1932    -0.1660   2.916316   2.917831     1.9499      98.91     0.0161      0.207    6.72616    34.9131    34.9023    28.0463    1461.03    1464.15 0.0000e+00
      19389    789.000    -0.1934    -0.1669   2.916347   2.917798     1.9498      98.91     0.0163      0.185    6.72172    34.9132    34.9023    28.0464    1461.05    1464.14 0.0000e+00
      19413    790.000    -0.1926    -0.1677   2.916464   2.917756     1.9493      98.91     0.0158      0.176    6.71238    34.9132    34.9021    28.0464    1461.07    1464.14 0.0000e+00
      19436    791.000    -0.1935    -0.1683   2.916419   2.917735     1.9487      98.91     0.0154      0.184    6.71583    34.9131    34.9019    28.0463    1461.08    1464.13 0.0000e+00
      19460    792.000    -0.1940    -0.1699   2.916428   2.917711     1.9486      98.91     0.0151      0.189    6.72357    34.9132    34.9028    28.0464    1461.09    1464.13 0.0000e+00
      19485    793.000    -0.1948    -0.1708   2.916412   2.917694     1.9485      98.91     0.0163      0.201    6.72197    34.9133    34.9030    28.0465    1461.10    1464.13 0.0000e+00
      19509    794.000    -0.1958    -0.1717   2.916370   2.917675     1.9482      98.91     0.0145      0.181    6.72040    34.9133    34.9032    28.0466    1461.12    1464.12 0.0000e+00
      19532    795.000    -0.1975    -0.1722   2.916271   2.917670     1.9480      98.92     0.0148      0.184    6.71558    34.9133    34.9031    28.0467    1461.13    1464.12 0.0000e+00
      19554    796.000    -0.1997    -0.1728   2.916116   2.917683     1.9477      98.91     0.0152      0.184    6.72163    34.9132    34.9034    28.0467    1461.13    1464.11 0.0000e+00
      19577    797.000    -0.2001    -0.1728   2.916141   2.917683     1.9475      98.91     0.0144      0.180    6.72956    34.9134    34.9028    28.0469    1461.15    1464.11 0.0000e+00
      19601    798.000    -0.1989    -0.1731   2.916281   2.917687     1.9478      98.92     0.0133      0.181    6.72668    34.9133    34.9026    28.0467    1461.17    1464.11 0.0000e+00
      19625    799.000    -0.1980    -0.1736   2.916408   2.917683     1.9477      98.91     0.0142      0.176    6.72843    34.9134    34.9026    28.0467    1461.19    1464.10 0.0000e+00
      19650    800.000    -0.2018    -0.1742   2.916103   2.917682     1.9477      98.91     0.0116      0.183    6.72452    34.9130    34.9026    28.0467    1461.19    1464.10 0.0000e+00
      19675    801.000    -0.2029    -0.1741   2.916073   2.917675     1.9473      98.91     0.0127      0.178    6.72734    34.9133    34.9019    28.0470    1461.20    1464.10 0.0000e+00
      19699    802.000    -0.2033    -0.1746   2.916080   2.917678     1.9474      98.91     0.0182      0.179    6.73024    34.9133    34.9019    28.0469    1461.21    1464.09 0.0000e+00
      19722    803.000    -0.2022    -0.1751   2.916233   2.917665     1.9473      98.66     0.0195      0.175    6.72761    34.9135    34.9017    28.0470    1461.24    1464.09 0.0000e+00
      19744    804.000    -0.2027    -0.1762   2.916238   2.917640     1.9471      98.69     0.0214      0.173    6.71516    34.9135    34.9020    28.0471    1461.25    1464.09 0.0000e+00
      19767    805.000    -0.2025    -0.1767   2.916312   2.917643     1.9462      98.91     0.0195      0.184    6.71678    34.9137    34.9020    28.0472    1461.27    1464.08 0.0000e+00
      19790    806.000    -0.2033    -0.1771   2.916255   2.917635     1.9462      98.91     0.0165      0.174    6.72661    34.9132    34.9018    28.0469    1461.28    1464.08 0.0000e+00
      19815    807.000    -0.2046    -0.1780   2.916199   2.917644     1.9460      98.91     0.0166      0.178    6.72394    34.9134    34.9024    28.0471    1461.29    1464.08 0.0000e+00
      19841    808.000    -0.2039    -0.1781   2.916313   2.917656     1.9459      98.91     0.0181      0.185    6.72817    34.9135    34.9020    28.0472    1461.31    1464.07 0.0000e+00
      19866    809.000    -0.2038    -0.1783   2.916369   2.917660     1.9458      98.91     0.0186      0.179    6.72363    34.9136    34.9017    28.0472    1461.33    1464.07 0.0000e+00
      19889    810.000    -0.2042    -0.1792   2.916375   2.917638     1.9455      98.91     0.0153      0.175    6.72181    34.9135    34.9019    28.0472    1461.34    1464.07 0.0000e+00
      19912    811.000    -0.2042    -0.1800   2.916423   2.917610     1.9452      98.91     0.0152      0.176    6.72252    34.9136    34.9018    28.0472    1461.36    1464.06 0.0000e+00
      19935    812.000    -0.2047    -0.1812   2.916414   2.917605     1.9451      98.91     0.0149      0.367    6.72902    34.9134    34.9026    28.0471    1461.37    1464.06 0.0000e+00
      19958    813.000    -0.2053    -0.1817   2.916404   2.917578     1.9452      98.91     0.0174      0.222    6.72946    34.9134    34.9022    28.0471    1461.39    1464.06 0.0000e+00
      19982    814.000    -0.2057    -0.1827   2.916406   2.917546     1.9450      98.91     0.0177      0.178    6.71483    34.9133    34.9023    28.0471    1461.40    1464.05 0.0000e+00
      20006    815.000    -0.2065    -0.1831   2.916388   2.917550     1.9439      35.09     0.0121      0.175    6.72569    34.9134    34.9022    28.0472    1461.41    1464.05 0.0000e+00
      20030    816.000    -0.2068    -0.1836   2.916401   2.917551     1.9450      99.63     0.0129      0.172    6.73991    34.9133    34.9022    28.0471    1461.43    1464.05 0.0000e+00
      20053    817.000    -0.2082    -0.1841   2.916326   2.917548     1.9445      98.91     0.0126      0.180    6.72360    34.9133    34.9022    28.0472    1461.44    1464.04 0.0000e+00
      20076    818.000    -0.2079    -0.1853   2.916393   2.917537     1.9445      98.92     0.0132      0.205    6.73179    34.9133    34.9028    28.0472    1461.46    1464.04 0.0000e+00
      20099    819.000    -0.2086    -0.1853   2.916376   2.917534     1.9443      98.91     0.0125      0.172    6.72952    34.9133    34.9022    28.0472    1461.47    1464.04 0.0000e+00
      20123    820.000    -0.2086    -0.1860   2.916424   2.917526     1.9445      98.91     0.0126      0.195    6.73135    34.9133    34.9023    28.0472    1461.49    1464.03 0.0000e+00
      20148    821.000    -0.2079    -0.1866   2.916524   2.917537     1.9439      98.91     0.0151      0.185    6.72304    34.9133    34.9025    28.0472    1461.51    1464.03 0.0000e+00
      20172    822.000    -0.2082    -0.1867   2.916544   2.917548     1.9436      98.91     0.0119      0.177    6.72521    34.9133    34.9022    28.0472    1461.52    1464.03 0.0000e+00
      20194    823.000    -0.2073    -0.1878   2.916690   2.917540     1.9435      98.91     0.0134      0.179    6.72255    34.9136    34.9027    28.0474    1461.54    1464.02 0.0000e+00
      20216    824.000    -0.2055    -0.1883   2.916886   2.917545     1.9429      98.91     0.0141      0.186    6.71941    34.9136    34.9028    28.0473    1461.57    1464.02 0.0000e+00
      20240    825.000    -0.2053    -0.1888   2.916945   2.917543     1.9427      98.91     0.0163      0.187    6.72747    34.9135    34.9028    28.0473    1461.58    1464.02 0.0000e+00
      20265    826.000    -0.2063    -0.1889   2.916923   2.917549     1.9428      98.91     0.0158      0.179    6.72736    34.9138    34.9024    28.0475    1461.60    1464.01 0.0000e+00
      20291    827.000    -0.2057    -0.1891   2.917039   2.917561     1.9424      98.91     0.0185      0.178    6.72384    34.9141    34.9022    28.0477    1461.62    1464.01 0.0000e+00
      20314    828.000    -0.2060    -0.1895   2.917033   2.917560     1.9424      98.91     0.0196      0.182    6.72909    34.9138    34.9020    28.0475    1461.63    1464.01 0.0000e+00
      20336    829.000    -0.2068    -0.1902   2.917007   2.917549     1.9422      98.91     0.0181      0.177    6.71586    34.9137    34.9021    28.0475    1461.64    1464.01 0.0000e+00
      20359    830.000    -0.2078    -0.1913   2.916959   2.917562     1.9410      74.79     0.0190      0.176    6.71644    34.9136    34.9029    28.0475    1461.66    1464.00 0.0000e+00
      20382    831.000    -0.2119    -0.1916   2.916697   2.917565     1.9419      92.34     0.0195      0.178    6.74998    34.9142    34.9027    28.0482    1461.65    1464.00 0.0000e+00
      20407    832.000    -0.2098    -0.1916   2.916900   2.917587     1.9421      98.92     0.0198      0.184    6.73421    34.9140    34.9024    28.0478    1461.68    1464.00 0.0000e+00
      20431    833.000    -0.2095    -0.1923   2.916973   2.917590     1.9421      98.91     0.0162      0.182    6.73531    34.9140    34.9027    28.0479    1461.70    1464.00 0.0000e+00
      20455    834.000    -0.2118    -0.1933   2.916831   2.917583     1.9423      98.92     0.0142      0.176    6.74291    34.9142    34.9031    28.0481    1461.70    1463.99 0.0000e+00
      20480    835.000    -0.2098    -0.1936   2.917049   2.917599     1.9425      98.91     0.0131      0.179    6.73939    34.9142    34.9031    28.0480    1461.73    1463.99 0.0000e+00
      20503    836.000    -0.2087    -0.1932   2.917180   2.917624     1.9426      98.91     0.0160      0.185    6.74060    34.9141    34.9024    28.0479    1461.75    1463.99 0.0000e+00
      20526    837.000    -0.2102    -0.1936   2.917084   2.917648     1.9426      98.91     0.0162      0.173    6.74023    34.9139    34.9026    28.0478    1461.76    1463.98 0.0000e+00
      20549    838.000    -0.2202    -0.1938   2.916265   2.917654     1.9426      98.91     0.0199      0.179    6.74314    34.9138    34.9023    28.0483    1461.73    1463.98 0.0000e+00
      20573    839.000    -0.2253    -0.1942   2.915892   2.917659     1.9426      98.91     0.0196      0.170    6.74335    34.9141    34.9022    28.0487    1461.72    1463.98 0.0000e+00
      20597    840.000    -0.2317    -0.1944   2.915379   2.917689     1.9424      98.91     0.0176      0.178    6.74052    34.9140    34.9023    28.0490    1461.71    1463.98 0.0000e+00
      20621    841.000    -0.2355    -0.1948   2.915094   2.917728     1.9422      98.91     0.0168      0.173    6.74724    34.9139    34.9027    28.0491    1461.71    1463.97 0.0000e+00
      20646    842.000    -0.2423    -0.1952   2.914529   2.917770     1.9425      98.91     0.0160      0.173    6.75938    34.9136    34.9031    28.0492    1461.69    1463.97 0.0000e+00
      20670    843.000    -0.2441    -0.1955   2.914436   2.917799     1.9427      98.91     0.0165      0.171    6.75394    34.9138    34.9032    28.0494    1461.70    1463.97 0.0000e+00
      20693    844.000    -0.2454    -0.1959   2.914355   2.917820     1.9427      98.91     0.0150      0.187    6.75345    34.9136    34.9034    28.0494    1461.71    1463.97 0.0000e+00
      20716    845.000    -0.2470    -0.1958   2.914269   2.917843     1.9426      98.91     0.0153      0.183    6.74907    34.9137    34.9030    28.0495    1461.72    1463.96 0.0000e+00
      20741    846.000    -0.2521    -0.1959   2.913854   2.917872     1.9421      98.91     0.0174      0.174    6.73918    34.9134    34.9029    28.0495    1461.71    1463.96 0.0000e+00
      20767    847.000    -0.2545    -0.1963   2.913687   2.917887     1.9414      98.91     0.0157      0.172    6.74624    34.9133    34.9030    28.0496    1461.72    1463.96 0.0000e+00
      20792    848.000    -0.2608    -0.1967   2.913179   2.917911     1.9414      98.91     0.0143      0.179    6.75178    34.9132    34.9032    28.0498    1461.71    1463.95 0.0000e+00
      20814    849.000    -0.2653    -0.1974   2.912844   2.917906     1.9412      98.91     0.0157      0.205    6.74966    34.9132    34.9033    28.0501    1461.70    1463.95 0.0000e+00
      20837    850.000    -0.2639    -0.1978   2.913025   2.917885     1.9409      98.92     0.0147      0.179    6.74443    34.9135    34.9029    28.0502    1461.73    1463.95 0.0000e+00
      20861    851.000    -0.2636    -0.1988   2.913072   2.917867     1.9403      98.91     0.0165      0.178    6.74413    34.9132    34.9032    28.0499    1461.74    1463.95 0.0000e+00
      20888    852.000    -0.2675    -0.1992   2.912764   2.917815     1.9402      98.91     0.0135      0.183    6.75513    34.9129    34.9024    28.0499    1461.74    1463.94 0.0000e+00
