Physical_Data/CTD_Data/Example_Data/sta0477.cnv
* Sea-Bird SBE 9 Data File:
* FileName = C:\Seabird\CTDData\sta0477.hex
* Software Version Seasave V 7.21f
* Temperature SN = 4340
* Conductivity SN = 3012
* Number of Bytes Per Scan = 34
* Number of Voltage Words = 3
* Number of Scans Averaged by the Deck Unit = 1
* NMEA Latitude = 73 49.54 N
* NMEA Longitude = 007 28.68 E
* NMEA UTC (Time) = Jun 22 2016 08:27:40
* NMEA baud rate = 4800
** Ship: 10 F/F "G. O. Sars"
** Station: 0477
** Echodepth: 1000
** Log: 7736.632
** Wind-Dir Force: 33 02
** Air-temp (dry): 7.7
** Weather Sky: 2 5
** Sea Ice: 2 0
** Par light: 451
# nquan = 17                                
# nvalues = 999                         
# units = specified
# name 0 = scan: Scan Count
# name 1 = prDM: Pressure, Digiquartz [db]
# name 2 = t068C: Temperature [ITS-68, deg C]
# name 3 = t168C: Temperature, 2 [ITS-68, deg C]
# name 4 = c0S/m: Conductivity [S/m]
# name 5 = c1S/m: Conductivity, 2 [S/m]
# name 6 = sbeox0V: Oxygen raw, SBE 43 [V]
# name 7 = altM: Altimeter [m]
# name 8 = flC: Fluorescence, Chelsea Aqua 3 Chl Con [ug/l]
# name 9 = seaTurbMtr: Turbidity, Seapoint [FTU]
# name 10 = sbeox0ML/L: Oxygen, SBE 43 [ml/l], WS = 2
# name 11 = sal00: Salinity, Practical [PSU]
# name 12 = sal11: Salinity, Practical, 2 [PSU]
# name 13 = sigma-t00: Density [sigma-t, Kg/m^3 ]
# name 14 = svCM: Sound Velocity [Chen-Millero, m/s]
# name 15 = avgsvCM: Average Sound Velocity [Chen-Millero, m/s], minP = 1, minS = 5
# name 16 = flag: flag
# span 0 =        682,      26537       
# span 1 =      4.000,   1002.000       
# span 2 =    -0.4959,     6.1466       
# span 3 =    -0.4907,     6.1500       
# span 4 =   2.899612,   3.460506       
# span 5 =   2.902099,   3.459873       
# span 6 =     1.8939,     2.5608       
# span 7 =       7.23,      99.18       
# span 8 =     0.0084,     1.2135       
# span 9 =      0.165,      2.573       
# span 10 =    6.58015,    7.32995      
# span 11 =    34.9062,    35.1347      
# span 12 =    34.8979,    35.1252      
# span 13 =    27.6264,    28.0588      
# span 14 =    1457.39,    1475.57      
# span 15 =    1462.72,    1475.50      
# span 16 = 0.0000e+00, 0.0000e+00      
# interval = decibars: 1                
# start_time = Jun 22 2016 08:27:43 [System UTC, header]
# bad_flag = -9.990e-29
*END*
[from data line 171]
       4844    175.000     3.8913     3.8913   3.260747   3.259975     2.2516      98.92     0.0236      0.326    6.67564    35.0854    35.0762    27.8657    1469.14    1472.05 0.0000e+00
       4869    176.000     3.8840     3.8840   3.260093   3.259325     2.2506      98.92     0.0204      0.373    6.66628    35.0849    35.0757    27.8660    1469.12    1472.03 0.0000e+00
       4895    177.000     3.8782     3.8783   3.259575   3.258812     2.2490      98.92     0.0202      0.316    6.65937    35.0844    35.0752    27.8662    1469.12    1472.02 0.0000e+00
       4919    178.000     3.8727     3.8729   3.259075   3.258334     2.2476      98.92     0.0243      0.312    6.66360    35.0838    35.0747    27.8663    1469.11    1472.00 0.0000e+00
       4942    179.000     3.8630     3.8632   3.258173   3.257420     2.2471      98.91     0.0229      0.350    6.67090    35.0829    35.0736    27.8666    1469.08    1471.98 0.0000e+00
       4965    180.000     3.8481     3.8477   3.256787   3.255965     2.2466      98.92     0.0270      0.347    6.67416    35.0817    35.0723    27.8672    1469.04    1471.97 0.0000e+00
       4989    181.000     3.8358     3.8360   3.255660   3.254918     2.2463      98.92     0.0288      0.307    6.66970    35.0809    35.0718    27.8678    1469.00    1471.95 0.0000e+00
       5014    182.000     3.8305     3.8304   3.255234   3.254450     2.2451      98.92     0.0274      0.316    6.66333    35.0809    35.0717    27.8684    1468.99    1471.93 0.0000e+00
       5039    183.000     3.8256     3.8255   3.254829   3.254054     2.2443      98.93     0.0211      0.305    6.66941    35.0808    35.0716    27.8688    1468.99    1471.92 0.0000e+00
       5063    184.000     3.8150     3.8149   3.253843   3.253059     2.2438      98.92     0.0204      0.386    6.66217    35.0798    35.0706    27.8691    1468.96    1471.90 0.0000e+00
       5086    185.000     3.7988     3.7983   3.252346   3.251541     2.2423      98.92     0.0215      0.367    6.65812    35.0788    35.0697    27.8699    1468.91    1471.89 0.0000e+00
       5109    186.000     3.7903     3.7902   3.251594   3.250827     2.2416      98.92     0.0210      0.313    6.66972    35.0783    35.0693    27.8705    1468.89    1471.87 0.0000e+00
       5133    187.000     3.7833     3.7838   3.251002   3.250281     2.2413      98.92     0.0219      0.307    6.67438    35.0782    35.0691    27.8711    1468.88    1471.85 0.0000e+00
       5158    188.000     3.7802     3.7806   3.250770   3.250039     2.2413      98.93     0.0207      0.303    6.67137    35.0782    35.0690    27.8714    1468.88    1471.84 0.0000e+00
       5183    189.000     3.7791     3.7792   3.250689   3.249937     2.2406      98.92     0.0210      0.308    6.67154    35.0779    35.0688    27.8713    1468.89    1471.82 0.0000e+00
       5206    190.000     3.7751     3.7751   3.250387   3.249642     2.2406      98.92     0.0201      0.333    6.67723    35.0780    35.0691    27.8718    1468.89    1471.81 0.0000e+00
       5227    191.000     3.7757     3.7750   3.250497   3.249664     2.2406      98.93     0.0193      0.376    6.67748    35.0781    35.0689    27.8718    1468.91    1471.79 0.0000e+00
       5250    192.000     3.7631     3.7627   3.249286   3.248492     2.2403      98.92     0.0225      0.318    6.66741    35.0766    35.0675    27.8719    1468.87    1471.78 0.0000e+00
       5275    193.000     3.7494     3.7491   3.248070   3.247285     2.2388      98.92     0.0211      0.323    6.65808    35.0762    35.0671    27.8730    1468.83    1471.76 0.0000e+00
       5300    194.000     3.7324     3.7319   3.246502   3.245677     2.2374      98.92     0.0217      0.319    6.65669    35.0751    35.0658    27.8738    1468.77    1471.75 0.0000e+00
       5326    195.000     3.7078     3.7078   3.244259   3.243494     2.2359      98.92     0.0216      0.309    6.66342    35.0741    35.0650    27.8755    1468.68    1471.73 0.0000e+00
       5350    196.000     3.7004     3.7005   3.243642   3.242891     2.2355      98.92     0.0239      0.317    6.67258    35.0741    35.0650    27.8763    1468.67    1471.71 0.0000e+00
       5372    197.000     3.6846     3.6853   3.242047   3.241360     2.2354      98.92     0.0240      0.303    6.67883    35.0714    35.0624    27.8757    1468.62    1471.70 0.0000e+00
       5395    198.000     3.6349     3.6349   3.237279   3.236508     2.2353      98.92     0.0218      0.352    6.68681    35.0671    35.0578    27.8773    1468.42    1471.68 0.0000e+00
       5418    199.000     3.5953     3.5960   3.233698   3.232918     2.2349      98.92     0.0202      0.352    6.68581    35.0661    35.0559    27.8805    1468.27    1471.66 0.0000e+00
       5442    200.000     3.5570     3.5560   3.230130   3.229266     2.2339      98.92     0.0228      0.317    6.68636    35.0638    35.0545    27.8825    1468.12    1471.65 0.0000e+00
       5468    201.000     3.5437     3.5366   3.228785   3.227343     2.2332      98.92     0.0234      0.308    6.69109    35.0614    35.0517    27.8819    1468.08    1471.63 0.0000e+00
       5492    202.000     3.5037     3.5018   3.225114   3.224184     2.2323      98.93     0.0232      0.302    6.69051    35.0597    35.0505    27.8845    1467.92    1471.61 0.0000e+00
       5515    203.000     3.4918     3.4922   3.224091   3.223356     2.2313      98.92     0.0218      0.307    6.69067    35.0596    35.0503    27.8857    1467.89    1471.59 0.0000e+00
       5539    204.000     3.4852     3.4860   3.223502   3.222812     2.2304      98.92     0.0231      0.318    6.69063    35.0591    35.0499    27.8859    1467.88    1471.57 0.0000e+00
       5563    205.000     3.4701     3.4733   3.222100   3.221647     2.2297      98.93     0.0224      0.391    6.69516    35.0579    35.0490    27.8864    1467.83    1471.56 0.0000e+00
       5588    206.000     3.4518     3.4555   3.220434   3.220038     2.2290      98.92     0.0240      0.298    6.69442    35.0570    35.0482    27.8875    1467.77    1471.54 0.0000e+00
       5611    207.000     3.4344     3.4302   3.218837   3.217686     2.2283      98.92     0.0245      0.298    6.69259    35.0559    35.0465    27.8883    1467.71    1471.52 0.0000e+00
       5634    208.000     3.4128     3.4148   3.216942   3.216387     2.2273      98.92     0.0265      0.299    6.68935    35.0558    35.0469    27.8904    1467.63    1471.50 0.0000e+00
       5658    209.000     3.4044     3.4025   3.216211   3.215283     2.2256      98.92     0.0241      0.303    6.67917    35.0555    35.0463    27.8909    1467.61    1471.48 0.0000e+00
       5683    210.000     3.3936     3.3931   3.215296   3.214509     2.2242      98.92     0.0225      0.289    6.68575    35.0555    35.0465    27.8920    1467.58    1471.46 0.0000e+00
       5708    211.000     3.3896     3.3894   3.214984   3.214227     2.2234      98.93     0.0205      0.301    6.69217    35.0555    35.0465    27.8924    1467.58    1471.44 0.0000e+00
       5733    212.000     3.3830     3.3827   3.214406   3.213645     2.2231      98.92     0.0198      0.296    6.69886    35.0551    35.0462    27.8927    1467.57    1471.43 0.0000e+00
       5755    213.000     3.3732     3.3733   3.213536   3.212803     2.2232      98.92     0.0185      0.343    6.69813    35.0546    35.0456    27.8933    1467.55    1471.41 0.0000e+00
       5778    214.000     3.3442     3.3481   3.210718   3.210360     2.2227      98.92     0.0206      0.299    6.69819    35.0512    35.0427    27.8934    1467.43    1471.39 0.0000e+00
       5802    215.000     3.2963     3.2959   3.206422   3.205615     2.2219      98.92     0.0228      0.336    6.70049    35.0504    35.0410    27.8974    1467.25    1471.37 0.0000e+00
       5827    216.000     3.2781     3.2807   3.204745   3.204253     2.2210      98.92     0.0258      0.316    6.70460    35.0492    35.0404    27.8982    1467.18    1471.35 0.0000e+00
       5853    217.000     3.2642     3.2660   3.203515   3.202924     2.2205      98.92     0.0327      0.342    6.71557    35.0487    35.0396    27.8992    1467.14    1471.33 0.0000e+00
       5878    218.000     3.2613     3.2614   3.203309   3.202572     2.2211      98.92     0.0344      0.327    6.73158    35.0488    35.0398    27.8995    1467.15    1471.31 0.0000e+00
       5902    219.000     3.2545     3.2552   3.202675   3.202006     2.2222      98.92     0.0369      0.376    6.74139    35.0479    35.0391    27.8995    1467.13    1471.29 0.0000e+00
       5926    220.000     3.2337     3.2374   3.200713   3.200310     2.2232      98.92     0.0595      0.358    6.74813    35.0461    35.0372    27.9000    1467.06    1471.27 0.0000e+00
       5949    221.000     3.2064     3.2088   3.198350   3.197835     2.2240      98.92     0.0511      0.377    6.75538    35.0464    35.0375    27.9028    1466.96    1471.25 0.0000e+00
       5972    222.000     3.1801     3.1792   3.195904   3.195065     2.2247      98.92     0.0429      0.309    6.75821    35.0445    35.0353    27.9039    1466.86    1471.23 0.0000e+00
       5996    223.000     3.1608     3.1609   3.194303   3.193569     2.2249      98.92     0.0339      0.297    6.75367    35.0454    35.0364    27.9064    1466.80    1471.21 0.0000e+00
       6020    224.000     3.1571     3.1566   3.194007   3.193235     2.2244      98.92     0.0360      0.286    6.74647    35.0453    35.0364    27.9066    1466.80    1471.19 0.0000e+00
       6045    225.000     3.1522     3.1522   3.193607   3.192863     2.2232      98.92     0.0286      0.293    6.73145    35.0452    35.0361    27.9070    1466.79    1471.17 0.0000e+00
       6069    226.000     3.1445     3.1443   3.192910   3.192168     2.2215      98.93     0.0271      0.282    6.72395    35.0445    35.0356    27.9072    1466.78    1471.16 0.0000e+00
       6093    227.000     3.1187     3.1182   3.190452   3.189689     2.2197      98.92     0.0267      0.313    6.71651    35.0419    35.0332    27.9076    1466.68    1471.14 0.0000e+00
       6116    228.000     3.0770     3.0763   3.186753   3.185970     2.2173      98.92     0.0245      0.304    6.71160    35.0415    35.0327    27.9112    1466.52    1471.12 0.0000e+00
       6140    229.000     3.0652     3.0651   3.185743   3.184997     2.2152      98.92     0.0253      0.319    6.71993    35.0415    35.0325    27.9122    1466.48    1471.10 0.0000e+00
       6165    230.000     3.0534     3.0535   3.184683   3.183952     2.2143      98.93     0.0256      0.299    6.73672    35.0408    35.0317    27.9128    1466.45    1471.07 0.0000e+00
       6189    231.000     3.0253     3.0251   3.182045   3.181301     2.2145      98.92     0.0301      0.305    6.75293    35.0385    35.0296    27.9136    1466.34    1471.05 0.0000e+00
       6212    232.000     2.9985     2.9982   3.179679   3.178929     2.2147      98.92     0.0293      0.439    6.75703    35.0382    35.0293    27.9158    1466.24    1471.03 0.0000e+00
       6235    233.000     2.9875     2.9874   3.178756   3.178024     2.2149      98.93     0.0292      0.336    6.76098    35.0383    35.0294    27.9169    1466.21    1471.01 0.0000e+00
       6259    234.000     2.9792     2.9791   3.178026   3.177308     2.2152      98.92     0.0279      0.358    6.77348    35.0378    35.0291    27.9173    1466.19    1470.99 0.0000e+00
       6285    235.000     2.9692     2.9690   3.177162   3.176425     2.2163      98.92     0.0305      0.317    6.78368    35.0375    35.0287    27.9181    1466.17    1470.97 0.0000e+00
       6312    236.000     2.9616     2.9614   3.176523   3.175785     2.2173      98.92     0.0333      0.345    6.78044    35.0374    35.0286    27.9187    1466.15    1470.95 0.0000e+00
       6336    237.000     2.9543     2.9541   3.175888   3.175166     2.2170      98.93     0.0360      0.436    6.77236    35.0370    35.0284    27.9190    1466.13    1470.93 0.0000e+00
       6359    238.000     2.9469     2.9469   3.175258   3.174532     2.2169      98.92     0.0390      0.407    6.77662    35.0368    35.0279    27.9195    1466.12    1470.91 0.0000e+00
       6381    239.000     2.9389     2.9388   3.174584   3.173857     2.2167      98.93     0.0332      0.318    6.77572    35.0367    35.0279    27.9202    1466.10    1470.89 0.0000e+00
       6403    240.000     2.9319     2.9317   3.173958   3.173230     2.2164      98.92     0.0328      0.305    6.77505    35.0361    35.0274    27.9203    1466.09    1470.87 0.0000e+00
       6427    241.000     2.9151     2.9150   3.172421   3.171706     2.2161      98.92     0.0308      0.301    6.77706    35.0350    35.0263    27.9210    1466.03    1470.85 0.0000e+00
       6452    242.000     2.8902     2.8906   3.170167   3.169491     2.2153      98.92     0.0262      0.290    6.77657    35.0339    35.0252    27.9224    1465.94    1470.83 0.0000e+00
       6477    243.000     2.8576     2.8581   3.167165   3.166491     2.2150      98.92     0.0267      0.295    6.78928    35.0320    35.0232    27.9239    1465.81    1470.81 0.0000e+00
       6502    244.000     2.8223     2.8222   3.164023   3.163312     2.2148      98.92     0.0248      0.291    6.78922    35.0313    35.0227    27.9265    1465.68    1470.79 0.0000e+00
       6526    245.000     2.8104     2.8086   3.162983   3.162074     2.2137      98.93     0.0250      0.413    6.78189    35.0310    35.0217    27.9273    1465.64    1470.77 0.0000e+00
       6550    246.000     2.7884     2.7872   3.161013   3.160192     2.2128      98.92     0.0236      0.330    6.78399    35.0302    35.0214    27.9287    1465.56    1470.75 0.0000e+00
       6573    247.000     2.7777     2.7798   3.160094   3.159556     2.2117      98.92     0.0240      0.368    6.78516    35.0300    35.0211    27.9295    1465.53    1470.72 0.0000e+00
       6596    248.000     2.7606     2.7607   3.158443   3.157737     2.2114      98.92     0.0238      0.283    6.79360    35.0277    35.0190    27.9293    1465.47    1470.70 0.0000e+00
       6619    249.000     2.7103     2.7100   3.153946   3.153209     2.2108      98.92     0.0300      0.280    6.79872    35.0267    35.0180    27.9329    1465.27    1470.68 0.0000e+00
       6642    250.000     2.6961     2.6960   3.152741   3.152014     2.2102      98.93     0.0312      0.297    6.79846    35.0268    35.0179    27.9343    1465.23    1470.66 0.0000e+00
       6667    251.000     2.6843     2.6844   3.151676   3.150964     2.2094      98.92     0.0296      0.287    6.80199    35.0260    35.0171    27.9347    1465.19    1470.64 0.0000e+00
       6693    252.000     2.6690     2.6690   3.150331   3.149620     2.2095      98.93     0.0266      0.291    6.82034    35.0255    35.0168    27.9357    1465.14    1470.62 0.0000e+00
       6720    253.000     2.6586     2.6584   3.149433   3.148705     2.2101      98.92     0.0299      0.296    6.82385    35.0253    35.0165    27.9364    1465.11    1470.59 0.0000e+00
       6743    254.000     2.6462     2.6457   3.148355   3.147619     2.2103      98.92     0.0294      0.302    6.82163    35.0249    35.0164    27.9372    1465.08    1470.57 0.0000e+00
       6766    255.000     2.6366     2.6363   3.147549   3.146826     2.2100      98.92     0.0274      0.288    6.82351    35.0249    35.0163    27.9381    1465.05    1470.55 0.0000e+00
       6788    256.000     2.6325     2.6323   3.147227   3.146513     2.2102      98.92     0.0247      0.307    6.82538    35.0249    35.0163    27.9384    1465.05    1470.53 0.0000e+00
       6812    257.000     2.6268     2.6270   3.146781   3.146113     2.2100      98.92     0.0245      0.275    6.82479    35.0250    35.0166    27.9390    1465.04    1470.51 0.0000e+00
       6837    258.000     2.6202     2.6193   3.146219   3.145446     2.2096      98.92     0.0238      0.311    6.81872    35.0247    35.0162    27.9394    1465.03    1470.49 0.0000e+00
