Physical_Data/CTD_Data/Example_Data/sta0474.cnv
* Sea-Bird SBE 9 Data File:
* FileName = C:\Seabird\CTDData\sta0474.hex
* Software Version Seasave V 7.21f
* Temperature SN = 4340
* Conductivity SN = 3012
* Number of Bytes Per Scan = 34
* Number of Voltage Words = 3
* Number of Scans Averaged by the Deck Unit = 1
* NMEA Latitude = 73 48.66 N
* NMEA Longitude = 007 32.88 E
* NMEA UTC (Time) = Jun 22 2016 05:47:16
* NMEA baud rate = 4800
** Ship: 10 F/F "G. O. Sars"
** Station: 0474
** Echodepth: 928
** Log: 7734.484
** Wind-Dir Force: 19 04
** Air-temp (dry): 4.7
** Weather Sky: 2 5
** Sea Ice: 3 0
** Par light: 451
# nquan = 17                                
# nvalues = 916                         
# units = specified
# name 0 = scan: Scan Count
# name 1 = prDM: Pressure, Digiquartz [db]
# name 2 = t068C: Temperature [ITS-68, deg C]
# name 3 = t168C: Temperature, 2 [ITS-68, deg C]
# name 4 = c0S/m: Conductivity [S/m]
# name 5 = c1S/m: Conductivity, 2 [S/m]
# name 6 = sbeox0V: Oxygen raw, SBE 43 [V]
# name 7 = altM: Altimeter [m]
# name 8 = flC: Fluorescence, Chelsea Aqua 3 Chl Con [ug/l]
# name 9 = seaTurbMtr: Turbidity, Seapoint [FTU]
# name 10 = sbeox0ML/L: Oxygen, SBE 43 [ml/l], WS = 2
# name 11 = sal00: Salinity, Practical [PSU]
# name 12 = sal11: Salinity, Practical, 2 [PSU]
# name 13 = sigma-t00: Density [sigma-t, Kg/m^3 ]
# name 14 = svCM: Sound Velocity [Chen-Millero, m/s]
# name 15 = avgsvCM: Average Sound Velocity [Chen-Millero, m/s], minP = 1, minS = 5
# name 16 = flag: flag
# span 0 =         95,      23150       
# span 1 =      2.000,    917.000       
# span 2 =    -0.3767,     6.4300       
# span 3 =    -0.3687,     6.4285       
# span 4 =   2.905713,   3.487087       
# span 5 =   2.909029,   3.486117       
# span 6 =     1.9166,     2.5573       
# span 7 =      35.09,      99.63       
# span 8 =     0.0094,     1.1004       
# span 9 =      0.168,      2.710       
# span 10 =    6.61125,    7.28989      
# span 11 =    34.9106,    35.1282      
# span 12 =    34.8953,    35.1172      
# span 13 =    27.5954,    28.0541      
# span 14 =    1458.53,    1476.62      
# span 15 =    1463.80,    1476.62      
# span 16 = 0.0000e+00, 0.0000e+00      
# interval = decibars: 1                
# start_time = Jun 22 2016 05:47:18 [System UTC, header]
# bad_flag = -9.990e-29
*END*
[from data line 86]
       2638     88.000     4.9110     4.9109   3.351349   3.350557     2.3707      98.91     0.1152      0.807    6.85744    35.1154    35.1063    27.7774    1471.96    1473.34 0.0000e+00
       2662     89.000     4.8966     4.8961   3.350142   3.349314     2.3694      98.91     0.1114      0.684    6.86041    35.1161    35.1070    27.7796    1471.91    1473.33 0.0000e+00
       2685     90.000     4.8918     4.8915   3.349774   3.348969     2.3686      98.91     0.1049      0.658    6.86029    35.1163    35.1073    27.7803    1471.91    1473.31 0.0000e+00
       2709     91.000     4.8857     4.8854   3.349331   3.348517     2.3671      98.91     0.1033      0.674    6.84759    35.1171    35.1079    27.7816    1471.90    1473.30 0.0000e+00
       2734     92.000     4.8785     4.8782   3.348702   3.347887     2.3650      98.91     0.1021      0.668    6.84077    35.1168    35.1077    27.7823    1471.89    1473.28 0.0000e+00
       2758     93.000     4.8644     4.8639   3.347496   3.346671     2.3632      98.91     0.0988      0.659    6.83562    35.1171    35.1081    27.7841    1471.85    1473.26 0.0000e+00
       2782     94.000     4.8552     4.8550   3.346776   3.345966     2.3608      98.91     0.0942      0.619    6.81986    35.1179    35.1087    27.7858    1471.83    1473.25 0.0000e+00
       2806     95.000     4.8545     4.8542   3.346752   3.345944     2.3574      98.91     0.0916      0.622    6.79568    35.1179    35.1088    27.7858    1471.84    1473.23 0.0000e+00
       2830     96.000     4.8499     4.8492   3.346338   3.345482     2.3535      98.91     0.0896      0.608    6.78295    35.1174    35.1081    27.7860    1471.84    1473.22 0.0000e+00
       2854     97.000     4.8256     4.8253   3.344143   3.343336     2.3498      98.91     0.0882      0.600    6.77579    35.1169    35.1078    27.7884    1471.76    1473.20 0.0000e+00
       2878     98.000     4.8144     4.8141   3.343208   3.342406     2.3460      98.91     0.0827      0.611    6.76668    35.1173    35.1083    27.7900    1471.73    1473.19 0.0000e+00
       2901     99.000     4.8108     4.8103   3.342931   3.342109     2.3429      98.91     0.0797      0.559    6.76229    35.1174    35.1083    27.7905    1471.73    1473.17 0.0000e+00
       2925    100.000     4.7992     4.7984   3.341925   3.341073     2.3401      98.91     0.0775      0.582    6.76441    35.1174    35.1083    27.7918    1471.70    1473.16 0.0000e+00
       2949    101.000     4.7937     4.7933   3.341523   3.340713     2.3382      98.91     0.0759      0.737    6.76521    35.1180    35.1089    27.7929    1471.69    1473.15 0.0000e+00
       2973    102.000     4.7929     4.7926   3.341491   3.340689     2.3365      98.90     0.0753      0.558    6.76073    35.1179    35.1089    27.7930    1471.71    1473.13 0.0000e+00
       2997    103.000     4.7882     4.7878   3.341097   3.340288     2.3345      98.91     0.0760      0.544    6.75089    35.1177    35.1087    27.7934    1471.70    1473.12 0.0000e+00
       3020    104.000     4.7825     4.7821   3.340663   3.339856     2.3326      98.91     0.0772      0.595    6.74823    35.1182    35.1092    27.7944    1471.70    1473.10 0.0000e+00
       3043    105.000     4.7713     4.7707   3.339687   3.338855     2.3309      98.91     0.0733      0.568    6.74672    35.1181    35.1090    27.7956    1471.67    1473.09 0.0000e+00
       3068    106.000     4.7642     4.7636   3.339113   3.338317     2.3293      98.90     0.0689      0.566    6.73915    35.1184    35.1097    27.7966    1471.66    1473.08 0.0000e+00
       3092    107.000     4.7596     4.7594   3.338750   3.337949     2.3268      98.91     0.0689      0.523    6.72724    35.1185    35.1093    27.7972    1471.65    1473.06 0.0000e+00
       3115    108.000     4.7531     4.7530   3.338189   3.337406     2.3247      98.91     0.0665      0.602    6.72368    35.1182    35.1092    27.7978    1471.64    1473.05 0.0000e+00
       3140    109.000     4.7413     4.7409   3.337150   3.336343     2.3224      98.91     0.0646      0.505    6.72123    35.1181    35.1091    27.7990    1471.61    1473.04 0.0000e+00
       3166    110.000     4.7385     4.7383   3.336973   3.336180     2.3206      98.91     0.0629      0.504    6.71576    35.1184    35.1094    27.7996    1471.62    1473.02 0.0000e+00
       3191    111.000     4.7370     4.7368   3.336869   3.336075     2.3185      98.91     0.0605      0.533    6.71267    35.1183    35.1092    27.7996    1471.63    1473.01 0.0000e+00
       3214    112.000     4.7342     4.7335   3.336651   3.335836     2.3173      98.91     0.0613      0.613    6.71393    35.1181    35.1094    27.7999    1471.63    1473.00 0.0000e+00
       3235    113.000     4.7336     4.7332   3.336674   3.335872     2.3159      98.91     0.0594      0.519    6.70440    35.1185    35.1096    27.8002    1471.65    1472.99 0.0000e+00
       3257    114.000     4.7320     4.7315   3.336560   3.335756     2.3142      98.91     0.0567      0.489    6.69801    35.1183    35.1095    27.8003    1471.66    1472.98 0.0000e+00
       3282    115.000     4.7256     4.7251   3.335991   3.335184     2.3126      98.92     0.0549      0.580    6.69971    35.1179    35.1090    27.8007    1471.64    1472.96 0.0000e+00
       3308    116.000     4.7147     4.7145   3.335005   3.334217     2.3114      98.91     0.0533      0.491    6.70523    35.1174    35.1084    27.8015    1471.62    1472.95 0.0000e+00
       3335    117.000     4.7059     4.7056   3.334274   3.333470     2.3108      98.91     0.0549      0.504    6.71425    35.1176    35.1085    27.8027    1471.60    1472.94 0.0000e+00
       3358    118.000     4.7016     4.7013   3.333929   3.333133     2.3110      98.92     0.0545      0.510    6.71774    35.1176    35.1086    27.8032    1471.60    1472.93 0.0000e+00
       3380    119.000     4.6994     4.6992   3.333781   3.332989     2.3109      98.91     0.0532      0.636    6.71922    35.1177    35.1086    27.8035    1471.60    1472.92 0.0000e+00
       3401    120.000     4.6970     4.6968   3.333602   3.332807     2.3112      98.91     0.0532      0.483    6.72529    35.1176    35.1085    27.8037    1471.61    1472.91 0.0000e+00
       3424    121.000     4.6905     4.6903   3.333043   3.332244     2.3113      98.91     0.0531      0.480    6.71944    35.1174    35.1083    27.8042    1471.60    1472.90 0.0000e+00
       3450    122.000     4.6858     4.6854   3.332639   3.331830     2.3105      98.91     0.0511      0.484    6.71040    35.1171    35.1081    27.8045    1471.60    1472.89 0.0000e+00
       3476    123.000     4.6778     4.6775   3.331910   3.331108     2.3099      98.92     0.0506      0.462    6.71931    35.1165    35.1075    27.8050    1471.58    1472.88 0.0000e+00
       3501    124.000     4.6681     4.6679   3.331134   3.330328     2.3099      98.92     0.0498      0.477    6.72805    35.1172    35.1080    27.8066    1471.56    1472.86 0.0000e+00
       3524    125.000     4.6652     4.6649   3.330972   3.330174     2.3102      98.92     0.0510      0.542    6.72873    35.1178    35.1088    27.8074    1471.56    1472.85 0.0000e+00
       3548    126.000     4.6618     4.6618   3.330728   3.329952     2.3102      98.91     0.0477      0.482    6.72137    35.1180    35.1089    27.8080    1471.56    1472.84 0.0000e+00
       3572    127.000     4.6562     4.6558   3.330278   3.329479     2.3091      98.91     0.0461      0.450    6.71018    35.1182    35.1092    27.8087    1471.56    1472.83 0.0000e+00
       3597    128.000     4.6473     4.6470   3.329522   3.328728     2.3078      98.92     0.0460      0.428    6.70834    35.1182    35.1092    27.8098    1471.54    1472.82 0.0000e+00
       3620    129.000     4.6420     4.6418   3.329114   3.328321     2.3064      98.92     0.0425      0.427    6.69747    35.1185    35.1094    27.8106    1471.53    1472.81 0.0000e+00
       3643    130.000     4.6404     4.6402   3.329021   3.328228     2.3046      98.91     0.0430      0.712    6.68748    35.1186    35.1095    27.8108    1471.54    1472.80 0.0000e+00
       3666    131.000     4.6358     4.6356   3.328625   3.327840     2.3023      98.91     0.0411      0.434    6.67550    35.1183    35.1093    27.8111    1471.54    1472.79 0.0000e+00
       3690    132.000     4.6317     4.6313   3.328314   3.327501     2.2996      98.91     0.0428      0.416    6.66896    35.1184    35.1093    27.8117    1471.54    1472.78 0.0000e+00
       3716    133.000     4.6308     4.6305   3.328275   3.327483     2.2972      77.09     0.0418      0.429    6.66351    35.1184    35.1094    27.8118    1471.55    1472.78 0.0000e+00
       3741    134.000     4.6280     4.6278   3.328085   3.327286     2.2955      73.29     0.0435      0.407    6.67377    35.1186    35.1095    27.8123    1471.56    1472.77 0.0000e+00
       3765    135.000     4.6225     4.6220   3.327686   3.326867     2.2947      98.98     0.0437      1.158    6.67367    35.1192    35.1102    27.8134    1471.55    1472.76 0.0000e+00
       3788    136.000     4.6156     4.6148   3.327155   3.326294     2.2940      98.92     0.0400      0.428    6.67697    35.1198    35.1105    27.8146    1471.54    1472.75 0.0000e+00
       3811    137.000     4.6108     4.6093   3.326729   3.325810     2.2934      98.92     0.0371      0.433    6.67104    35.1193    35.1102    27.8148    1471.54    1472.74 0.0000e+00
       3835    138.000     4.6054     4.6040   3.326242   3.325335     2.2920      98.91     0.0408      0.428    6.65606    35.1188    35.1097    27.8150    1471.53    1472.73 0.0000e+00
       3859    139.000     4.6039     4.6038   3.326154   3.325357     2.2894      98.91     0.0408      0.402    6.63613    35.1188    35.1096    27.8152    1471.54    1472.72 0.0000e+00
       3883    140.000     4.5995     4.5988   3.325738   3.324881     2.2866      98.91     0.0387      0.413    6.62884    35.1181    35.1088    27.8151    1471.54    1472.71 0.0000e+00
       3907    141.000     4.5778     4.5770   3.323742   3.322904     2.2839      98.91     0.0323      0.405    6.62204    35.1172    35.1082    27.8168    1471.46    1472.70 0.0000e+00
       3932    142.000     4.5637     4.5627   3.322531   3.321664     2.2814      98.92     0.0299      0.393    6.63094    35.1174    35.1083    27.8185    1471.42    1472.70 0.0000e+00
       3956    143.000     4.5617     4.5615   3.322418   3.321617     2.2806      98.91     0.0307      0.452    6.64153    35.1177    35.1085    27.8190    1471.43    1472.69 0.0000e+00
       3981    144.000     4.5608     4.5606   3.322414   3.321599     2.2800      98.92     0.0280      0.388    6.64256    35.1180    35.1087    27.8194    1471.45    1472.68 0.0000e+00
       4005    145.000     4.5617     4.5614   3.322526   3.321737     2.2796      98.92     0.0291      0.386    6.64076    35.1178    35.1089    27.8191    1471.46    1472.67 0.0000e+00
       4028    146.000     4.5604     4.5603   3.322468   3.321682     2.2790      98.92     0.0316      0.386    6.63789    35.1180    35.1089    27.8194    1471.48    1472.66 0.0000e+00
       4052    147.000     4.5593     4.5589   3.322410   3.321607     2.2784      98.91     0.0299      0.383    6.63248    35.1180    35.1090    27.8195    1471.49    1472.65 0.0000e+00
       4076    148.000     4.5582     4.5581   3.322362   3.321572     2.2769      97.94     0.0334      0.391    6.62249    35.1180    35.1089    27.8196    1471.50    1472.65 0.0000e+00
       4100    149.000     4.5559     4.5556   3.322179   3.321374     2.2759      96.28     0.0313      0.396    6.62645    35.1178    35.1086    27.8197    1471.51    1472.64 0.0000e+00
       4124    150.000     4.5497     4.5494   3.321643   3.320833     2.2748      98.91     0.0308      0.421    6.62171    35.1175    35.1083    27.8202    1471.50    1472.63 0.0000e+00
       4148    151.000     4.5449     4.5447   3.321264   3.320475     2.2738      98.91     0.0284      0.512    6.62441    35.1176    35.1086    27.8208    1471.49    1472.62 0.0000e+00
       4173    152.000     4.5401     4.5398   3.320870   3.320051     2.2734      98.90     0.0290      0.399    6.62757    35.1176    35.1083    27.8213    1471.49    1472.62 0.0000e+00
       4197    153.000     4.5398     4.5397   3.320939   3.320144     2.2725      98.91     0.0314      0.435    6.62042    35.1182    35.1089    27.8218    1471.51    1472.61 0.0000e+00
       4220    154.000     4.5392     4.5391   3.320929   3.320140     2.2720      98.91     0.0320      0.379    6.62615    35.1181    35.1090    27.8219    1471.52    1472.60 0.0000e+00
       4243    155.000     4.5310     4.5311   3.320210   3.319433     2.2719      98.91     0.0301      0.371    6.63019    35.1179    35.1086    27.8226    1471.50    1472.59 0.0000e+00
       4268    156.000     4.5201     4.5198   3.319213   3.318408     2.2715      98.92     0.0281      0.401    6.62732    35.1172    35.1081    27.8232    1471.47    1472.59 0.0000e+00
       4292    157.000     4.5052     4.5049   3.317809   3.316998     2.2709      98.92     0.0279      0.367    6.62234    35.1160    35.1068    27.8239    1471.43    1472.58 0.0000e+00
       4316    158.000     4.4782     4.4775   3.315341   3.314498     2.2697      98.92     0.0285      0.358    6.62103    35.1151    35.1059    27.8262    1471.33    1472.57 0.0000e+00
       4341    159.000     4.4703     4.4700   3.314661   3.313842     2.2685      98.91     0.0300      0.351    6.61946    35.1150    35.1057    27.8270    1471.31    1472.56 0.0000e+00
       4365    160.000     4.4662     4.4659   3.314352   3.313532     2.2673      98.92     0.0298      0.389    6.61432    35.1152    35.1058    27.8276    1471.31    1472.56 0.0000e+00
       4389    161.000     4.4641     4.4638   3.314240   3.313441     2.2662      98.91     0.0244      0.350    6.61816    35.1155    35.1065    27.8281    1471.32    1472.55 0.0000e+00
       4412    162.000     4.4637     4.4635   3.314246   3.313454     2.2658      98.92     0.0225      0.356    6.62016    35.1155    35.1064    27.8282    1471.34    1472.54 0.0000e+00
       4436    163.000     4.4573     4.4571   3.313656   3.312852     2.2652      98.92     0.0221      0.362    6.62120    35.1148    35.1056    27.8283    1471.33    1472.53 0.0000e+00
       4461    164.000     4.4452     4.4448   3.312537   3.311719     2.2649      98.92     0.0230      0.398    6.62020    35.1140    35.1048    27.8290    1471.29    1472.53 0.0000e+00
       4485    165.000     4.4323     4.4322   3.311380   3.310584     2.2638      98.91     0.0217      0.371    6.61394    35.1135    35.1043    27.8301    1471.25    1472.52 0.0000e+00
       4510    166.000     4.4193     4.4190   3.310171   3.309361     2.2627      98.91     0.0210      0.338    6.61625    35.1126    35.1034    27.8307    1471.22    1472.51 0.0000e+00
       4533    167.000     4.4099     4.4095   3.309367   3.308557     2.2623      98.91     0.0202      0.345    6.62047    35.1126    35.1035    27.8318    1471.19    1472.50 0.0000e+00
       4555    168.000     4.4075     4.4072   3.309218   3.308414     2.2616      98.91     0.0229      0.359    6.61746    35.1128    35.1037    27.8322    1471.20    1472.49 0.0000e+00
       4577    169.000     4.4068     4.4066   3.309201   3.308412     2.2612      98.91     0.0271      0.354    6.61786    35.1128    35.1037    27.8323    1471.21    1472.49 0.0000e+00
       4600    170.000     4.4047     4.4045   3.309052   3.308256     2.2604      98.91     0.0253      0.353    6.61591    35.1128    35.1036    27.8325    1471.22    1472.48 0.0000e+00
       4625    171.000     4.4012     4.4008   3.308750   3.307942     2.2601      98.47     0.0231      0.375    6.62179    35.1124    35.1033    27.8326    1471.22    1472.47 0.0000e+00
