Physical_Data/CTD_Data/Example_Data/sta0478.cnv
* Sea-Bird SBE 9 Data File:
* FileName = C:\Seabird\CTDData\sta0478.hex
* Software Version Seasave V 7.21f
* Temperature SN = 4340
* Conductivity SN = 3012
* Number of Bytes Per Scan = 34
* Number of Voltage Words = 3
* Number of Scans Averaged by the Deck Unit = 1
* NMEA Latitude = 73 50.81 N
* NMEA Longitude = 007 35.55 E
* NMEA UTC (Time) = Jun 23 2016 07:20:16
* NMEA baud rate = 4800
** Ship: 10 F/F "G. O. Sars"
** Station: 0478
** Echodepth: 1075
** Log: 7760..039
** Wind-Dir Force: 21 16
** Air-temp (dry): 6.4
** Weather Sky: 2 5
** Sea Ice: 2 0
** Par light: 451
# nquan = 17                                
# nvalues = 1088                        
# units = specified
# name 0 = scan: Scan Count
# name 1 = prDM: Pressure, Digiquartz [db]
# name 2 = t068C: Temperature [ITS-68, deg C]
# name 3 = t168C: Temperature, 2 [ITS-68, deg C]
# name 4 = c0S/m: Conductivity [S/m]
# name 5 = c1S/m: Conductivity, 2 [S/m]
# name 6 = sbeox0V: Oxygen raw, SBE 43 [V]
# name 7 = altM: Altimeter [m]
# name 8 = flC: Fluorescence, Chelsea Aqua 3 Chl Con [ug/l]
# name 9 = seaTurbMtr: Turbidity, Seapoint [FTU]
# name 10 = sbeox0ML/L: Oxygen, SBE 43 [ml/l], WS = 2
# name 11 = sal00: Salinity, Practical [PSU]
# name 12 = sal11: Salinity, Practical, 2 [PSU]
# name 13 = sigma-t00: Density [sigma-t, Kg/m^3 ]
# name 14 = svCM: Sound Velocity [Chen-Millero, m/s]
# name 15 = avgsvCM: Average Sound Velocity [Chen-Millero, m/s], minP = 1, minS = 5
# name 16 = flag: flag
# span 0 =        -83,      29086       
# span 1 =      2.000,   1089.000       
# span 2 =    -0.5168,     6.8000       
# span 3 =    -0.5152,     6.8014       
# span 4 =   2.900238,   3.521482       
# span 5 =   2.901612,   3.520942       
# span 6 =     1.8819,     2.5944       
# span 7 =      24.93,      99.29       
# span 8 =     0.0066,     1.5504       
# span 9 =      0.164,      4.719       
# span 10 =    6.55839,    7.28421      
# span 11 =    34.9106,    35.1298      
# span 12 =    34.8962,    35.1233      
# span 13 =    27.5464,    28.0608      
# span 14 =    1458.45,    1478.12      
# span 15 =    1463.98,    1478.05      
# span 16 = 0.0000e+00, 0.0000e+00      
# interval = decibars: 1                
# start_time = Jun 23 2016 07:20:19 [System UTC, header]
# bad_flag = -9.990e-29
*END*
[from data line 86]
       2974     88.000     4.7389     4.7390   3.336662   3.336082     2.2829      98.91     0.0222      0.439    6.57677    35.1262    35.1193    27.8057    1471.27    1473.86 0.0000e+00
       2999     89.000     4.7364     4.7363   3.336498   3.335901     2.2829      98.91     0.0240      0.416    6.58237    35.1264    35.1195    27.8062    1471.27    1473.83 0.0000e+00
       3022     90.000     4.7337     4.7338   3.336285   3.335705     2.2830      98.91     0.0230      0.407    6.58529    35.1262    35.1193    27.8063    1471.28    1473.80 0.0000e+00
       3044     91.000     4.7248     4.7255   3.335474   3.334952     2.2828      98.91     0.0233      0.450    6.57608    35.1256    35.1188    27.8069    1471.26    1473.77 0.0000e+00
       3070     92.000     4.7084     4.7088   3.334023   3.333457     2.2817      98.91     0.0211      0.440    6.56953    35.1255    35.1185    27.8086    1471.21    1473.74 0.0000e+00
       3095     93.000     4.6989     4.6989   3.333201   3.332613     2.2806      98.90     0.0189      0.392    6.57397    35.1254    35.1185    27.8097    1471.19    1473.71 0.0000e+00
       3119     94.000     4.6948     4.6950   3.332871   3.332295     2.2801      98.91     0.0191      0.409    6.57891    35.1254    35.1184    27.8101    1471.18    1473.69 0.0000e+00
       3143     95.000     4.6935     4.6935   3.332834   3.332245     2.2800      98.90     0.0189      0.409    6.58626    35.1258    35.1189    27.8105    1471.20    1473.66 0.0000e+00
       3166     96.000     4.6937     4.6941   3.332893   3.332327     2.2805      98.91     0.0174      0.496    6.58893    35.1257    35.1187    27.8105    1471.21    1473.64 0.0000e+00
       3191     97.000     4.6928     4.6927   3.332844   3.332242     2.2806      98.90     0.0171      0.430    6.58856    35.1256    35.1186    27.8105    1471.23    1473.61 0.0000e+00
       3215     98.000     4.6903     4.6904   3.332659   3.332074     2.2806      98.90     0.0170      0.392    6.58679    35.1255    35.1185    27.8107    1471.23    1473.59 0.0000e+00
       3239     99.000     4.6848     4.6850   3.332200   3.331615     2.2805      98.90     0.0147      0.389    6.59121    35.1254    35.1184    27.8113    1471.23    1473.56 0.0000e+00
       3262    100.000     4.6810     4.6811   3.331910   3.331313     2.2807      98.91     0.0154      0.391    6.59249    35.1255    35.1184    27.8118    1471.23    1473.54 0.0000e+00
       3285    101.000     4.6770     4.6770   3.331585   3.330983     2.2804      98.91     0.0178      0.375    6.58563    35.1254    35.1184    27.8121    1471.23    1473.52 0.0000e+00
       3309    102.000     4.6697     4.6699   3.330961   3.330361     2.2797      98.90     0.0156      0.425    6.58349    35.1253    35.1181    27.8129    1471.21    1473.49 0.0000e+00
       3335    103.000     4.6566     4.6567   3.329762   3.329170     2.2789      98.91     0.0153      0.376    6.58314    35.1246    35.1176    27.8138    1471.17    1473.47 0.0000e+00
       3361    104.000     4.6487     4.6487   3.329124   3.328509     2.2784      98.91     0.0159      0.410    6.59037    35.1250    35.1178    27.8150    1471.16    1473.45 0.0000e+00
       3384    105.000     4.6484     4.6485   3.329149   3.328536     2.2783      98.90     0.0156      0.421    6.59318    35.1251    35.1178    27.8151    1471.17    1473.43 0.0000e+00
       3406    106.000     4.6479     4.6482   3.329156   3.328559     2.2784      98.91     0.0156      0.367    6.59432    35.1251    35.1178    27.8152    1471.19    1473.41 0.0000e+00
       3428    107.000     4.6471     4.6470   3.329119   3.328499     2.2783      98.91     0.0171      0.350    6.59527    35.1250    35.1179    27.8152    1471.20    1473.39 0.0000e+00
       3452    108.000     4.6450     4.6450   3.328959   3.328352     2.2784      98.91     0.0186      0.500    6.59518    35.1248    35.1177    27.8153    1471.21    1473.37 0.0000e+00
       3478    109.000     4.6446     4.6445   3.328968   3.328358     2.2781      98.90     0.0209      0.359    6.59369    35.1248    35.1178    27.8153    1471.22    1473.35 0.0000e+00
       3503    110.000     4.6376     4.6379   3.328348   3.327750     2.2782      98.91     0.0217      0.371    6.60208    35.1244    35.1171    27.8158    1471.21    1473.33 0.0000e+00
       3527    111.000     4.6325     4.6325   3.327941   3.327324     2.2784      98.91     0.0203      0.425    6.60142    35.1245    35.1173    27.8165    1471.21    1473.31 0.0000e+00
       3548    112.000     4.6299     4.6301   3.327779   3.327169     2.2782      98.91     0.0174      0.415    6.59343    35.1249    35.1175    27.8170    1471.21    1473.29 0.0000e+00
       3571    113.000     4.6279     4.6281   3.327635   3.327034     2.2773      98.91     0.0171      0.376    6.59331    35.1248    35.1175    27.8172    1471.22    1473.27 0.0000e+00
       3595    114.000     4.6240     4.6241   3.327315   3.326705     2.2772      98.91     0.0121      0.366    6.60022    35.1246    35.1173    27.8175    1471.22    1473.25 0.0000e+00
       3622    115.000     4.6186     4.6186   3.326885   3.326263     2.2772      98.91     0.0122      0.366    6.60437    35.1248    35.1175    27.8182    1471.22    1473.23 0.0000e+00
       3647    116.000     4.6183     4.6185   3.326913   3.326312     2.2776      98.91     0.0111      0.368    6.61147    35.1249    35.1176    27.8183    1471.23    1473.22 0.0000e+00
       3670    117.000     4.6183     4.6184   3.326959   3.326357     2.2781      98.91     0.0124      0.365    6.61290    35.1249    35.1177    27.8183    1471.25    1473.20 0.0000e+00
       3693    118.000     4.6147     4.6144   3.326655   3.325997     2.2783      98.91     0.0132      0.383    6.60948    35.1246    35.1172    27.8185    1471.25    1473.18 0.0000e+00
       3716    119.000     4.6110     4.6111   3.326353   3.325744     2.2779      98.90     0.0120      0.495    6.60043    35.1244    35.1172    27.8188    1471.25    1473.17 0.0000e+00
       3740    120.000     4.6068     4.6068   3.325994   3.325365     2.2771      98.91     0.0123      0.440    6.59758    35.1241    35.1168    27.8190    1471.25    1473.15 0.0000e+00
       3764    121.000     4.6015     4.6017   3.325549   3.324948     2.2760      98.91     0.0133      0.410    6.59927    35.1240    35.1167    27.8195    1471.24    1473.14 0.0000e+00
       3790    122.000     4.6000     4.6000   3.325469   3.324852     2.2760      98.91     0.0165      0.484    6.60975    35.1241    35.1169    27.8198    1471.25    1473.12 0.0000e+00
       3814    123.000     4.5970     4.5970   3.325233   3.324616     2.2763      98.91     0.0174      0.389    6.61410    35.1240    35.1168    27.8200    1471.26    1473.10 0.0000e+00
       3837    124.000     4.5947     4.5946   3.325101   3.324477     2.2765      98.91     0.0166      0.372    6.60749    35.1243    35.1171    27.8206    1471.26    1473.09 0.0000e+00
       3859    125.000     4.5950     4.5950   3.325189   3.324559     2.2759      98.91     0.0160      0.352    6.59984    35.1245    35.1171    27.8207    1471.28    1473.08 0.0000e+00
       3882    126.000     4.5952     4.5954   3.325258   3.324637     2.2747      98.91     0.0136      0.356    6.59025    35.1246    35.1171    27.8207    1471.30    1473.06 0.0000e+00
       3905    127.000     4.5936     4.5936   3.325119   3.324486     2.2738      98.91     0.0120      0.390    6.59833    35.1241    35.1167    27.8205    1471.31    1473.05 0.0000e+00
       3930    128.000     4.5869     4.5866   3.324511   3.323857     2.2738      98.91     0.0145      0.431    6.61494    35.1235    35.1162    27.8208    1471.30    1473.03 0.0000e+00
       3956    129.000     4.5842     4.5843   3.324333   3.323700     2.2750      98.90     0.0163      0.364    6.62425    35.1238    35.1163    27.8213    1471.30    1473.02 0.0000e+00
       3981    130.000     4.5827     4.5826   3.324250   3.323617     2.2756      98.91     0.0169      0.358    6.61711    35.1239    35.1165    27.8215    1471.31    1473.01 0.0000e+00
       4005    131.000     4.5826     4.5826   3.324289   3.323665     2.2753      98.91     0.0150      0.361    6.60695    35.1239    35.1166    27.8216    1471.33    1472.99 0.0000e+00
       4029    132.000     4.5830     4.5831   3.324385   3.323758     2.2745      98.91     0.0134      0.349    6.60301    35.1241    35.1166    27.8217    1471.35    1472.98 0.0000e+00
       4052    133.000     4.5842     4.5844   3.324557   3.323955     2.2738      98.91     0.0145      0.416    6.60435    35.1243    35.1170    27.8217    1471.37    1472.97 0.0000e+00
       4076    134.000     4.5845     4.5845   3.324624   3.323996     2.2733      98.91     0.0142      0.380    6.60568    35.1242    35.1168    27.8216    1471.39    1472.96 0.0000e+00
       4099    135.000     4.5824     4.5825   3.324489   3.323858     2.2730      98.91     0.0173      0.409    6.60237    35.1243    35.1168    27.8219    1471.39    1472.95 0.0000e+00
       4122    136.000     4.5818     4.5818   3.324513   3.323891     2.2723      98.91     0.0157      0.345    6.59840    35.1247    35.1174    27.8223    1471.41    1472.94 0.0000e+00
       4146    137.000     4.5794     4.5794   3.324347   3.323718     2.2714      98.90     0.0144      0.357    6.60017    35.1247    35.1174    27.8226    1471.42    1472.92 0.0000e+00
       4170    138.000     4.5760     4.5760   3.324085   3.323450     2.2713      98.91     0.0139      0.390    6.60436    35.1247    35.1173    27.8230    1471.42    1472.91 0.0000e+00
       4195    139.000     4.5750     4.5750   3.324052   3.323419     2.2709      98.91     0.0145      0.363    6.60479    35.1249    35.1174    27.8232    1471.43    1472.90 0.0000e+00
       4219    140.000     4.5745     4.5746   3.324071   3.323439     2.2710      98.91     0.0134      0.415    6.61554    35.1251    35.1176    27.8234    1471.44    1472.89 0.0000e+00
       4244    141.000     4.5713     4.5713   3.323809   3.323173     2.2719      98.91     0.0130      0.377    6.62227    35.1249    35.1174    27.8236    1471.45    1472.88 0.0000e+00
       4268    142.000     4.5701     4.5700   3.323743   3.323110     2.2723      98.91     0.0095      0.347    6.61487    35.1248    35.1175    27.8237    1471.46    1472.87 0.0000e+00
       4291    143.000     4.5682     4.5683   3.323612   3.322980     2.2719      98.91     0.0085      0.354    6.61115    35.1248    35.1172    27.8239    1471.47    1472.86 0.0000e+00
       4313    144.000     4.5671     4.5672   3.323573   3.322939     2.2717      98.91     0.0079      0.368    6.61391    35.1249    35.1174    27.8241    1471.48    1472.85 0.0000e+00
       4337    145.000     4.5677     4.5674   3.323670   3.322993     2.2717      98.90     0.0087      0.350    6.61459    35.1249    35.1173    27.8240    1471.50    1472.84 0.0000e+00
       4362    146.000     4.5671     4.5672   3.323655   3.323024     2.2713      98.91     0.0085      0.436    6.61109    35.1248    35.1173    27.8240    1471.51    1472.83 0.0000e+00
       4388    147.000     4.5621     4.5626   3.323206   3.322609     2.2710      98.91     0.0113      0.383    6.61883    35.1243    35.1168    27.8242    1471.51    1472.82 0.0000e+00
       4412    148.000     4.5535     4.5536   3.322499   3.321844     2.2716      98.91     0.0112      0.362    6.62980    35.1246    35.1168    27.8254    1471.49    1472.82 0.0000e+00
       4434    149.000     4.5535     4.5536   3.322549   3.321908     2.2721      98.91     0.0132      0.344    6.63503    35.1247    35.1170    27.8254    1471.51    1472.81 0.0000e+00
       4456    150.000     4.5484     4.5488   3.322084   3.321459     2.2731      98.91     0.0129      0.409    6.62865    35.1241    35.1163    27.8256    1471.50    1472.80 0.0000e+00
       4479    151.000     4.5431     4.5432   3.321656   3.321016     2.2724      98.91     0.0128      0.378    6.62427    35.1241    35.1165    27.8262    1471.49    1472.79 0.0000e+00
       4505    152.000     4.5415     4.5416   3.321535   3.320889     2.2723      98.91     0.0119      0.418    6.62843    35.1239    35.1162    27.8262    1471.50    1472.78 0.0000e+00
       4531    153.000     4.5350     4.5353   3.320967   3.320334     2.2723      98.91     0.0095      0.335    6.62793    35.1236    35.1158    27.8267    1471.49    1472.77 0.0000e+00
       4555    154.000     4.5293     4.5292   3.320512   3.319849     2.2716      98.91     0.0109      0.339    6.62093    35.1238    35.1161    27.8274    1471.49    1472.76 0.0000e+00
       4578    155.000     4.5257     4.5255   3.320190   3.319512     2.2712      98.91     0.0118      0.334    6.62990    35.1233    35.1155    27.8274    1471.49    1472.76 0.0000e+00
       4601    156.000     4.5175     4.5175   3.319498   3.318834     2.2713      98.91     0.0114      0.345    6.63126    35.1233    35.1155    27.8284    1471.47    1472.75 0.0000e+00
       4623    157.000     4.5156     4.5157   3.319360   3.318707     2.2709      98.91     0.0139      0.343    6.62499    35.1232    35.1154    27.8285    1471.48    1472.74 0.0000e+00
       4645    158.000     4.5095     4.5089   3.318812   3.318094     2.2701      98.91     0.0126      0.333    6.61696    35.1227    35.1149    27.8288    1471.47    1472.73 0.0000e+00
       4667    159.000     4.5026     4.5026   3.318221   3.317557     2.2690      98.91     0.0132      0.346    6.61655    35.1225    35.1147    27.8294    1471.46    1472.72 0.0000e+00
       4691    160.000     4.5009     4.5009   3.318102   3.317437     2.2681      98.91     0.0135      0.353    6.61627    35.1224    35.1146    27.8295    1471.47    1472.72 0.0000e+00
       4715    161.000     4.4977     4.4982   3.317799   3.317186     2.2672      98.91     0.0121      0.340    6.61272    35.1217    35.1139    27.8293    1471.47    1472.71 0.0000e+00
       4738    162.000     4.4903     4.4904   3.317175   3.316503     2.2663      98.91     0.0133      0.368    6.61851    35.1217    35.1137    27.8301    1471.45    1472.70 0.0000e+00
       4762    163.000     4.4893     4.4892   3.317113   3.316443     2.2663      98.91     0.0118      0.436    6.62740    35.1215    35.1137    27.8301    1471.47    1472.69 0.0000e+00
       4787    164.000     4.4871     4.4870   3.316936   3.316265     2.2669      98.91     0.0136      0.329    6.63717    35.1212    35.1134    27.8301    1471.47    1472.69 0.0000e+00
       4812    165.000     4.4885     4.4878   3.317182   3.316456     2.2671      98.91     0.0186      0.333    6.62225    35.1220    35.1143    27.8306    1471.50    1472.68 0.0000e+00
       4836    166.000     4.4861     4.4863   3.316978   3.316322     2.2662      98.91     0.0130      0.345    6.61540    35.1217    35.1137    27.8306    1471.50    1472.67 0.0000e+00
       4859    167.000     4.4774     4.4776   3.316191   3.315558     2.2651      98.91     0.0113      0.359    6.60985    35.1211    35.1135    27.8311    1471.48    1472.66 0.0000e+00
       4882    168.000     4.4656     4.4654   3.315043   3.314344     2.2637      98.91     0.0099      0.335    6.60454    35.1196    35.1116    27.8312    1471.45    1472.66 0.0000e+00
       4905    169.000     4.4518     4.4519   3.313782   3.313113     2.2623      98.91     0.0092      0.342    6.60634    35.1189    35.1109    27.8322    1471.41    1472.65 0.0000e+00
       4929    170.000     4.4365     4.4367   3.312381   3.311721     2.2615      98.92     0.0089      0.322    6.61710    35.1181    35.1102    27.8333    1471.36    1472.64 0.0000e+00
       4952    171.000     4.4305     4.4306   3.311890   3.311217     2.2615      98.91     0.0108      0.328    6.62962    35.1182    35.1102    27.8340    1471.35    1472.63 0.0000e+00
