Physical_Data/CTD_Data/Example_Data/sta0481.cnv
* Sea-Bird SBE 9 Data File:
* FileName = C:\Seabird\CTDData\sta0481.hex
* Software Version Seasave V 7.21f
* Temperature SN = 4340
* Conductivity SN = 3012
* Number of Bytes Per Scan = 34
* Number of Voltage Words = 3
* Number of Scans Averaged by the Deck Unit = 1
* NMEA Latitude = 73 49.27 N
* NMEA Longitude = 007 31.63 E
* NMEA UTC (Time) = Jun 23 2016 10:15:11
* NMEA baud rate = 4800
** Ship: 10 F/F "G. O. Sars"
** Station: 0481
** Echodepth: 720
** Log: 7761
** Wind-Dir Force: 20 14
** Air-temp (dry): 6.4
** Weather Sky: 2 5
** Sea Ice: 3 0
** Par light: 451
# nquan = 17                                
# nvalues = 713                         
# units = specified
# name 0 = scan: Scan Count
# name 1 = prDM: Pressure, Digiquartz [db]
# name 2 = t068C: Temperature [ITS-68, deg C]
# name 3 = t168C: Temperature, 2 [ITS-68, deg C]
# name 4 = c0S/m: Conductivity [S/m]
# name 5 = c1S/m: Conductivity, 2 [S/m]
# name 6 = sbeox0V: Oxygen raw, SBE 43 [V]
# name 7 = altM: Altimeter [m]
# name 8 = flC: Fluorescence, Chelsea Aqua 3 Chl Con [ug/l]
# name 9 = seaTurbMtr: Turbidity, Seapoint [FTU]
# name 10 = sbeox0ML/L: Oxygen, SBE 43 [ml/l], WS = 2
# name 11 = sal00: Salinity, Practical [PSU]
# name 12 = sal11: Salinity, Practical, 2 [PSU]
# name 13 = sigma-t00: Density [sigma-t, Kg/m^3 ]
# name 14 = svCM: Sound Velocity [Chen-Millero, m/s]
# name 15 = avgsvCM: Average Sound Velocity [Chen-Millero, m/s], minP = 1, minS = 5
# name 16 = flag: flag
# span 0 =        517,      19391       
# span 1 =      5.000,    717.000       
# span 2 =    -0.2637,     6.4425       
# span 3 =    -0.2597,     6.4412       
# span 4 =   2.906881,   3.488135       
# span 5 =   2.909316,   3.487073       
# span 6 =     1.9635,     2.5701       
# span 7 =       8.99,      99.65       
# span 8 =     0.0102,     0.9587       
# span 9 =      0.160,      3.088       
# span 10 =    6.56798,    7.33227      
# span 11 =    34.9108,    35.1330      
# span 12 =    34.8977,    35.1232      
# span 13 =    27.5916,    28.0497      
# span 14 =    1458.42,    1476.72      
# span 15 =    1464.25,    1476.72      
# span 16 = 0.0000e+00, 0.0000e+00      
# interval = decibars: 1                
# start_time = Jun 23 2016 10:15:14 [System UTC, header]
# bad_flag = -9.990e-29
*END*
[from data line 596]
      14798    601.000    -0.0609    -0.0610   2.919225   2.918542     2.0185      98.92     0.0153      0.178    6.82101    34.9117    34.9028    28.0383    1458.56    1465.27 0.0000e+00
      14822    602.000    -0.0635    -0.0633   2.919041   2.918382     2.0171      98.92     0.0132      0.198    6.81776    34.9116    34.9027    28.0383    1458.56    1465.26 0.0000e+00
      14848    603.000    -0.0754    -0.0726   2.918054   2.917603     2.0158      98.92     0.0171      0.186    6.80874    34.9115    34.9023    28.0389    1458.52    1465.25 0.0000e+00
      14872    604.000    -0.0819    -0.0818   2.917529   2.916855     2.0139      98.92     0.0170      0.198    6.80410    34.9113    34.9023    28.0391    1458.51    1465.23 0.0000e+00
      14895    605.000    -0.0898    -0.0892   2.916918   2.916302     2.0128      98.92     0.0160      0.181    6.80687    34.9116    34.9027    28.0397    1458.49    1465.22 0.0000e+00
      14917    606.000    -0.0922    -0.0918   2.916768   2.916179     2.0116      98.92     0.0159      0.184    6.80102    34.9117    34.9035    28.0400    1458.50    1465.21 0.0000e+00
      14940    607.000    -0.0983    -0.0956   2.916218   2.916305     2.0103      98.92     0.0155      0.180    6.80101    34.9108    34.9089    28.0395    1458.48    1465.20 0.0000e+00
      14964    608.000    -0.1157    -0.0948   2.914865   2.916678     2.0093      98.91     0.0142      0.183    6.79941    34.9120    34.9123    28.0414    1458.42    1465.19 0.0000e+00
      14987    609.000    -0.1154    -0.0890   2.914923   2.916889     2.0080      98.91     0.0170      0.181    6.78814    34.9119    34.9079    28.0413    1458.44    1465.18 0.0000e+00
      15011    610.000    -0.1160    -0.0854   2.914892   2.917051     2.0063      98.91     0.0180      0.180    6.78029    34.9115    34.9054    28.0410    1458.45    1465.17 0.0000e+00
      15036    611.000    -0.1218    -0.0836   2.914471   2.917186     2.0048      98.91     0.0179      0.183    6.78175    34.9120    34.9045    28.0417    1458.44    1465.16 0.0000e+00
      15060    612.000    -0.1220    -0.0831   2.914494   2.917338     2.0039      98.91     0.0166      0.177    6.78414    34.9119    34.9054    28.0416    1458.46    1465.15 0.0000e+00
      15083    613.000    -0.1197    -0.0823   2.914736   2.917444     2.0026      98.46     0.0189      0.226    6.77749    34.9119    34.9053    28.0415    1458.49    1465.13 0.0000e+00
      15105    614.000    -0.1186    -0.0823   2.914891   2.917549     2.0020      98.90     0.0221      0.184    6.77985    34.9121    34.9061    28.0416    1458.51    1465.12 0.0000e+00
      15127    615.000    -0.1185    -0.0811   2.914928   2.917657     2.0010      98.91     0.0206      0.176    6.77597    34.9119    34.9056    28.0415    1458.52    1465.11 0.0000e+00
      15150    616.000    -0.1238    -0.0786   2.914522   2.917787     2.0003      98.91     0.0173      0.179    6.77322    34.9119    34.9039    28.0418    1458.52    1465.10 0.0000e+00
      15175    617.000    -0.1246    -0.0774   2.914502   2.917983     1.9992      98.91     0.0140      0.181    6.76181    34.9120    34.9045    28.0419    1458.53    1465.09 0.0000e+00
      15201    618.000    -0.1247    -0.0764   2.914544   2.918185     1.9977      98.91     0.0126      0.205    6.75929    34.9121    34.9054    28.0419    1458.54    1465.08 0.0000e+00
      15227    619.000    -0.1254    -0.0749   2.914524   2.918328     1.9968      98.91     0.0134      0.328    6.76696    34.9120    34.9050    28.0419    1458.56    1465.07 0.0000e+00
      15250    620.000    -0.1258    -0.0732   2.914549   2.918431     1.9963      98.91     0.0133      0.180    6.76736    34.9122    34.9039    28.0421    1458.57    1465.06 0.0000e+00
      15272    621.000    -0.1272    -0.0729   2.914445   2.918459     1.9958      98.91     0.0160      0.178    6.76563    34.9118    34.9033    28.0418    1458.58    1465.05 0.0000e+00
      15293    622.000    -0.1280    -0.0721   2.914453   2.918451     1.9953      98.91     0.0167      0.190    6.76011    34.9122    34.9017    28.0422    1458.60    1465.04 0.0000e+00
      15314    623.000    -0.1277    -0.0721   2.914521   2.918398     1.9946      98.91     0.0166      0.179    6.76445    34.9122    34.9004    28.0422    1458.61    1465.03 0.0000e+00
      15339    624.000    -0.1286    -0.0733   2.914477   2.918315     1.9944      98.91     0.0199      0.197    6.77235    34.9121    34.9001    28.0421    1458.63    1465.02 0.0000e+00
      15364    625.000    -0.1315    -0.0754   2.914291   2.918230     1.9944      98.91     0.0151      0.174    6.77199    34.9123    34.9008    28.0425    1458.63    1465.01 0.0000e+00
      15391    626.000    -0.1294    -0.0766   2.914521   2.918183     1.9939      98.91     0.0122      0.183    6.75918    34.9124    34.9009    28.0424    1458.65    1465.00 0.0000e+00
      15414    627.000    -0.1276    -0.0780   2.914714   2.918095     1.9932      98.91     0.0102      0.187    6.76440    34.9123    34.9007    28.0422    1458.68    1464.99 0.0000e+00
      15436    628.000    -0.1278    -0.0793   2.914728   2.917960     1.9932      98.91     0.0139      0.176    6.76533    34.9121    34.8998    28.0421    1458.69    1464.98 0.0000e+00
      15457    629.000    -0.1308    -0.0811   2.914497   2.917838     1.9927      98.91     0.0159      0.174    6.75843    34.9119    34.8997    28.0421    1458.70    1464.97 0.0000e+00
      15479    630.000    -0.1344    -0.0844   2.914276   2.917713     1.9921      98.91     0.0166      0.210    6.76321    34.9124    34.9012    28.0427    1458.70    1464.96 0.0000e+00
      15504    631.000    -0.1320    -0.0853   2.914512   2.917623     1.9919      98.91     0.0158      0.218    6.75738    34.9122    34.9004    28.0424    1458.72    1464.95 0.0000e+00
      15530    632.000    -0.1339    -0.0857   2.914400   2.917613     1.9910      98.91     0.0191      0.172    6.75555    34.9123    34.9001    28.0426    1458.73    1464.94 0.0000e+00
      15554    633.000    -0.1352    -0.0873   2.914333   2.917549     1.9908      98.91     0.0195      0.177    6.76563    34.9123    34.9005    28.0427    1458.74    1464.93 0.0000e+00
      15577    634.000    -0.1398    -0.0886   2.913967   2.917461     1.9908      98.91     0.0175      0.174    6.76632    34.9121    34.9002    28.0427    1458.74    1464.92 0.0000e+00
      15600    635.000    -0.1440    -0.0911   2.913657   2.917404     1.9906      98.91     0.0175      0.185    6.76516    34.9122    34.9017    28.0430    1458.74    1464.91 0.0000e+00
      15623    636.000    -0.1511    -0.0922   2.913093   2.917334     1.9902      98.91     0.0195      0.254    6.75941    34.9122    34.9015    28.0434    1458.72    1464.90 0.0000e+00
      15647    637.000    -0.1511    -0.0933   2.913152   2.917258     1.9899      98.91     0.0194      0.191    6.76228    34.9123    34.9011    28.0435    1458.74    1464.89 0.0000e+00
      15672    638.000    -0.1586    -0.0946   2.912519   2.917182     1.9894      98.91     0.0178      0.172    6.75804    34.9119    34.9010    28.0435    1458.72    1464.88 0.0000e+00
      15697    639.000    -0.1650    -0.0962   2.912057   2.917099     1.9889      98.92     0.0157      0.177    6.76089    34.9124    34.9011    28.0443    1458.70    1464.87 0.0000e+00
      15722    640.000    -0.1647    -0.0971   2.912119   2.917063     1.9884      98.90     0.0154      0.171    6.75933    34.9123    34.9011    28.0442    1458.72    1464.86 0.0000e+00
      15745    641.000    -0.1650    -0.0981   2.912135   2.917020     1.9879      98.91     0.0169      0.281    6.75119    34.9123    34.9010    28.0442    1458.74    1464.85 0.0000e+00
      15769    642.000    -0.1647    -0.0998   2.912224   2.916987     1.9872      98.91     0.0165      0.278    6.75912    34.9125    34.9019    28.0444    1458.76    1464.84 0.0000e+00
      15792    643.000    -0.1641    -0.1005   2.912309   2.916970     1.9872      98.91     0.0185      0.173    6.76417    34.9124    34.9019    28.0442    1458.77    1464.83 0.0000e+00
      15816    644.000    -0.1643    -0.1014   2.912346   2.916891     1.9871      98.91     0.0198      0.175    6.76403    34.9125    34.9013    28.0443    1458.79    1464.82 0.0000e+00
      15840    645.000    -0.1674    -0.1023   2.912105   2.916836     1.9870      98.91     0.0184      0.192    6.76073    34.9122    34.9010    28.0443    1458.79    1464.81 0.0000e+00
      15864    646.000    -0.1721    -0.1033   2.911761   2.916785     1.9866      98.91     0.0182      0.193    6.76259    34.9124    34.9009    28.0447    1458.79    1464.80 0.0000e+00
      15889    647.000    -0.1731    -0.1047   2.911722   2.916740     1.9864      98.91     0.0180      0.174    6.75052    34.9125    34.9013    28.0447    1458.80    1464.79 0.0000e+00
      15913    648.000    -0.1740    -0.1063   2.911703   2.916696     1.9851      51.53     0.0163      0.172    6.74022    34.9126    34.9019    28.0449    1458.81    1464.79 0.0000e+00
      15936    649.000    -0.1748    -0.1062   2.911675   2.916648     1.9848      79.84     0.0141      0.176    6.76213    34.9126    34.9006    28.0449    1458.82    1464.78 0.0000e+00
      15960    650.000    -0.1749    -0.1080   2.911722   2.916575     1.9848      98.82     0.0147      0.178    6.75954    34.9127    34.9011    28.0450    1458.84    1464.77 0.0000e+00
      15986    651.000    -0.1748    -0.1095   2.911772   2.916521     1.9845      98.91     0.0150      0.174    6.75417    34.9127    34.9015    28.0450    1458.86    1464.76 0.0000e+00
      16012    652.000    -0.1746    -0.1113   2.911836   2.916440     1.9840      98.91     0.0149      0.182    6.75188    34.9127    34.9018    28.0450    1458.87    1464.75 0.0000e+00
      16036    653.000    -0.1745    -0.1126   2.911898   2.916363     1.9836      98.91     0.0130      0.180    6.75493    34.9128    34.9017    28.0451    1458.89    1464.74 0.0000e+00
      16058    654.000    -0.1743    -0.1132   2.911963   2.916223     1.9836      98.91     0.0167      0.181    6.76071    34.9129    34.8999    28.0451    1458.91    1464.73 0.0000e+00
      16081    655.000    -0.1746    -0.1147   2.911969   2.916115     1.9836      98.91     0.0161      0.179    6.75793    34.9127    34.8996    28.0450    1458.92    1464.72 0.0000e+00
      16105    656.000    -0.1746    -0.1161   2.912022   2.916011     1.9832      98.91     0.0143      0.174    6.75028    34.9128    34.8992    28.0451    1458.94    1464.71 0.0000e+00
      16129    657.000    -0.1748    -0.1191   2.912049   2.915853     1.9827      98.91     0.0156      0.170    6.75367    34.9128    34.9000    28.0451    1458.96    1464.70 0.0000e+00
      16155    658.000    -0.1746    -0.1211   2.912102   2.915751     1.9826      98.91     0.0179      0.176    6.75178    34.9127    34.9003    28.0450    1458.97    1464.70 0.0000e+00
      16179    659.000    -0.1744    -0.1227   2.912184   2.915652     1.9821      98.91     0.0159      0.177    6.75094    34.9130    34.9002    28.0452    1458.99    1464.69 0.0000e+00
      16203    660.000    -0.1715    -0.1242   2.912488   2.915556     1.9818      98.92     0.0162      0.176    6.74919    34.9131    34.9001    28.0452    1459.02    1464.68 0.0000e+00
      16228    661.000    -0.1713    -0.1257   2.912531   2.915453     1.9814      98.91     0.0213      0.199    6.74739    34.9129    34.8998    28.0450    1459.04    1464.67 0.0000e+00
      16251    662.000    -0.1714    -0.1269   2.912590   2.915340     1.9811      98.91     0.0203      0.186    6.75384    34.9132    34.8991    28.0452    1459.05    1464.66 0.0000e+00
      16274    663.000    -0.1696    -0.1302   2.912798   2.915213     1.9811      98.91     0.0191      0.175    6.75536    34.9133    34.9005    28.0452    1459.08    1464.65 0.0000e+00
      16296    664.000    -0.1684    -0.1322   2.912950   2.915083     1.9810      98.91     0.0158      0.235    6.75533    34.9133    34.9005    28.0452    1459.10    1464.64 0.0000e+00
      16319    665.000    -0.1703    -0.1334   2.912809   2.914940     1.9809      98.91     0.0127      0.225    6.75502    34.9130    34.8994    28.0451    1459.11    1464.64 0.0000e+00
      16344    666.000    -0.1715    -0.1351   2.912753   2.914864     1.9808      98.91     0.0139      0.173    6.75237    34.9131    34.8997    28.0452    1459.12    1464.63 0.0000e+00
      16370    667.000    -0.1707    -0.1373   2.912868   2.914799     1.9804      98.91     0.0169      0.171    6.75106    34.9131    34.9008    28.0451    1459.14    1464.62 0.0000e+00
      16396    668.000    -0.1714    -0.1396   2.912861   2.914738     1.9803      98.91     0.0146      0.172    6.75581    34.9132    34.9020    28.0453    1459.15    1464.61 0.0000e+00
      16419    669.000    -0.1719    -0.1396   2.912859   2.914644     1.9801      98.91     0.0153      0.177    6.75455    34.9132    34.9001    28.0452    1459.17    1464.60 0.0000e+00
      16442    670.000    -0.1728    -0.1415   2.912831   2.914557     1.9801      98.91     0.0183      0.190    6.75724    34.9132    34.9005    28.0453    1459.18    1464.59 0.0000e+00
      16464    671.000    -0.1720    -0.1436   2.912952   2.914497     1.9800      98.91     0.0165      0.180    6.75349    34.9133    34.9015    28.0454    1459.20    1464.59 0.0000e+00
      16486    672.000    -0.1725    -0.1435   2.912945   2.914450     1.9797      98.91     0.0161      0.175    6.75359    34.9132    34.9002    28.0453    1459.21    1464.58 0.0000e+00
      16509    673.000    -0.1777    -0.1442   2.912515   2.914401     1.9794      98.91     0.0189      0.176    6.75684    34.9128    34.8998    28.0453    1459.21    1464.57 0.0000e+00
      16534    674.000    -0.1823    -0.1470   2.912182   2.914353     1.9797      98.92     0.0199      0.178    6.76779    34.9130    34.9017    28.0457    1459.20    1464.56 0.0000e+00
      16559    675.000    -0.1890    -0.1475   2.911620   2.914334     1.9797      98.91     0.0197      0.176    6.74732    34.9126    34.9015    28.0457    1459.19    1464.55 0.0000e+00
      16585    676.000    -0.1945    -0.1487   2.911187   2.914341     1.9784      45.85     0.0169      0.177    6.75808    34.9125    34.9023    28.0459    1459.18    1464.55 0.0000e+00
      16610    677.000    -0.1981    -0.1497   2.910935   2.914351     1.9791      99.65     0.0178      0.221    6.76829    34.9127    34.9030    28.0462    1459.18    1464.54 0.0000e+00
      16633    678.000    -0.1982    -0.1494   2.910976   2.914354     1.9787      98.91     0.0165      0.181    6.73934    34.9127    34.9021    28.0463    1459.19    1464.53 0.0000e+00
      16654    679.000    -0.1986    -0.1509   2.910971   2.914365     1.9769      59.22     0.0166      0.173    6.73649    34.9125    34.9034    28.0461    1459.21    1464.52 0.0000e+00
      16676    680.000    -0.1985    -0.1511   2.911038   2.914361     1.9774      98.68     0.0172      0.651    6.75737    34.9127    34.9029    28.0463    1459.22    1464.52 0.0000e+00
      16699    681.000    -0.1977    -0.1505   2.911149   2.914376     1.9765      98.91     0.0195      0.233    6.74350    34.9127    34.9019    28.0462    1459.24    1464.51 0.0000e+00
      16724    682.000    -0.1976    -0.1520   2.911197   2.914399     1.9760      98.91     0.0207      0.190    6.73828    34.9126    34.9033    28.0461    1459.26    1464.50 0.0000e+00
      16748    683.000    -0.2006    -0.1514   2.910972   2.914398     1.9747      72.13     0.0178      0.174    6.72864    34.9125    34.9020    28.0461    1459.26    1464.49 0.0000e+00
      16772    684.000    -0.2007    -0.1523   2.911022   2.914407     1.9744      71.85     0.0145      0.177    6.73677    34.9126    34.9026    28.0463    1459.28    1464.48 0.0000e+00
