Physical_Data/CTD_Data/Example_Data/sta0479.cnv
* Sea-Bird SBE 9 Data File:
* FileName = C:\Seabird\CTDData\sta0479.hex
* Software Version Seasave V 7.21f
* Temperature SN = 4340
* Conductivity SN = 3012
* Number of Bytes Per Scan = 34
* Number of Voltage Words = 3
* Number of Scans Averaged by the Deck Unit = 1
* NMEA Latitude = 73 50.24 N
* NMEA Longitude = 007 33.86 E
* NMEA UTC (Time) = Jun 23 2016 08:33:51
* NMEA baud rate = 4800
** Ship: 10 F/F "G. O. Sars"
** Station: 0479
** Echodepth: 686
** Log: 7760.786
** Wind-Dir Force: 20 14
** Air-temp (dry): 6.7
** Weather Sky: 2 5
** Sea Ice: 3 0
** Par light: 451
# nquan = 17                                
# nvalues = 675                         
# units = specified
# name 0 = scan: Scan Count
# name 1 = prDM: Pressure, Digiquartz [db]
# name 2 = t068C: Temperature [ITS-68, deg C]
# name 3 = t168C: Temperature, 2 [ITS-68, deg C]
# name 4 = c0S/m: Conductivity [S/m]
# name 5 = c1S/m: Conductivity, 2 [S/m]
# name 6 = sbeox0V: Oxygen raw, SBE 43 [V]
# name 7 = altM: Altimeter [m]
# name 8 = flC: Fluorescence, Chelsea Aqua 3 Chl Con [ug/l]
# name 9 = seaTurbMtr: Turbidity, Seapoint [FTU]
# name 10 = sbeox0ML/L: Oxygen, SBE 43 [ml/l], WS = 2
# name 11 = sal00: Salinity, Practical [PSU]
# name 12 = sal11: Salinity, Practical, 2 [PSU]
# name 13 = sigma-t00: Density [sigma-t, Kg/m^3 ]
# name 14 = svCM: Sound Velocity [Chen-Millero, m/s]
# name 15 = avgsvCM: Average Sound Velocity [Chen-Millero, m/s], minP = 1, minS = 5
# name 16 = flag: flag
# span 0 =       -180,      18080       
# span 1 =      3.000,    677.000       
# span 2 =    -0.0710,     6.7750       
# span 3 =    -0.0589,     6.7763       
# span 4 =   2.919447,   3.519051       
# span 5 =   2.921871,   3.518320       
# span 6 =     1.9912,     2.5498       
# span 7 =      39.45,     100.65       
# span 8 =     0.0098,     1.2256       
# span 9 =      0.171,      4.186       
# span 10 =    6.56126,    7.16279      
# span 11 =    34.9113,    35.1360      
# span 12 =    34.8984,    35.1265      
# span 13 =    27.5495,    28.0395      
# span 14 =    1458.42,    1477.99      
# span 15 =    1465.09,    1477.99      
# span 16 = 0.0000e+00, 0.0000e+00      
# interval = decibars: 1                
# start_time = Jun 23 2016 08:33:54 [System UTC, header]
# bad_flag = -9.990e-29
*END*
[from data line 511]
      13013    514.000     0.2482     0.2662   2.942154   2.943184     2.0642      98.91     0.0188      0.197    6.91217    34.9153    34.9085    28.0242    1458.55    1467.08 0.0000e+00
      13038    515.000     0.2469     0.2676   2.942051   2.943324     2.0642      98.91     0.0188      0.192    6.91759    34.9149    34.9082    28.0239    1458.56    1467.07 0.0000e+00
      13064    516.000     0.2455     0.2690   2.942022   2.943465     2.0642      96.40     0.0165      0.194    6.90312    34.9155    34.9079    28.0245    1458.57    1467.05 0.0000e+00
      13090    517.000     0.2478     0.2696   2.942253   2.943596     2.0635      66.43     0.0159      0.457    6.91957    34.9153    34.9083    28.0242    1458.60    1467.03 0.0000e+00
      13112    518.000     0.2367     0.2699   2.941242   2.943732     2.0642      98.98     0.0188      0.205    6.92078    34.9140    34.9092    28.0238    1458.56    1467.02 0.0000e+00
      13133    519.000     0.2311     0.2717   2.940860   2.943926     2.0639      98.91     0.0212      0.188    6.90836    34.9147    34.9091    28.0247    1458.56    1467.00 0.0000e+00
      13156    520.000     0.2241     0.2737   2.940296   2.944090     2.0631      98.91     0.0186      0.184    6.90569    34.9146    34.9084    28.0250    1458.54    1466.98 0.0000e+00
      13182    521.000     0.2218     0.2752   2.940123   2.944223     2.0626      98.91     0.0200      0.250    6.90373    34.9144    34.9079    28.0249    1458.55    1466.97 0.0000e+00
      13209    522.000     0.2172     0.2764   2.939786   2.944301     2.0615      98.91     0.0218      0.183    6.89184    34.9145    34.9069    28.0253    1458.54    1466.95 0.0000e+00
      13233    523.000     0.2181     0.2768   2.939884   2.944337     2.0602      98.91     0.0180      0.183    6.88285    34.9142    34.9064    28.0250    1458.56    1466.94 0.0000e+00
      13255    524.000     0.2116     0.2764   2.939355   2.944370     2.0591      98.91     0.0183      0.180    6.88578    34.9140    34.9067    28.0252    1458.55    1466.92 0.0000e+00
      13277    525.000     0.2095     0.2763   2.939246   2.944396     2.0582      98.91     0.0188      0.179    6.89011    34.9144    34.9065    28.0256    1458.56    1466.90 0.0000e+00
      13301    526.000     0.2088     0.2766   2.939212   2.944376     2.0577      98.91     0.0180      0.194    6.88922    34.9141    34.9053    28.0255    1458.57    1466.89 0.0000e+00
      13327    527.000     0.2048     0.2761   2.938891   2.944357     2.0568      98.91     0.0152      0.179    6.88602    34.9138    34.9051    28.0255    1458.57    1466.87 0.0000e+00
      13352    528.000     0.2014     0.2742   2.938643   2.944326     2.0560      98.91     0.0178      0.185    6.88235    34.9138    34.9062    28.0257    1458.57    1466.86 0.0000e+00
      13375    529.000     0.2008     0.2735   2.938640   2.944303     2.0553      98.91     0.0147      0.187    6.87878    34.9139    34.9061    28.0257    1458.58    1466.84 0.0000e+00
      13398    530.000     0.2022     0.2729   2.938820   2.944300     2.0542      96.63     0.0124      0.186    6.86102    34.9141    34.9061    28.0258    1458.60    1466.83 0.0000e+00
      13422    531.000     0.2012     0.2727   2.938775   2.944252     2.0528      78.72     0.0163      0.262    6.88219    34.9140    34.9052    28.0258    1458.62    1466.81 0.0000e+00
      13446    532.000     0.2014     0.2719   2.938840   2.944175     2.0530      98.86     0.0155      0.305    6.87810    34.9141    34.9045    28.0258    1458.63    1466.79 0.0000e+00
      13469    533.000     0.2011     0.2702   2.938861   2.944016     2.0520      98.91     0.0154      0.181    6.86977    34.9141    34.9037    28.0259    1458.65    1466.78 0.0000e+00
      13490    534.000     0.1996     0.2678   2.938760   2.943874     2.0516      98.91     0.0164      0.183    6.87309    34.9139    34.9040    28.0258    1458.66    1466.76 0.0000e+00
      13510    535.000     0.1834     0.2657   2.937340   2.943752     2.0510      98.91     0.0162      0.184    6.87472    34.9129    34.9041    28.0259    1458.60    1466.75 0.0000e+00
      13534    536.000     0.1735     0.2640   2.936555   2.943582     2.0506      98.91     0.0158      0.179    6.88104    34.9132    34.9032    28.0267    1458.57    1466.73 0.0000e+00
      13561    537.000     0.1628     0.2617   2.935676   2.943411     2.0505      98.91     0.0159      0.190    6.87861    34.9132    34.9030    28.0273    1458.54    1466.72 0.0000e+00
      13588    538.000     0.1579     0.2613   2.935276   2.943272     2.0489      42.35     0.0171      0.304    6.87062    34.9128    34.9010    28.0273    1458.53    1466.70 0.0000e+00
      13610    539.000     0.1557     0.2572   2.935161   2.943083     2.0494      99.87     0.0184      0.196    6.88971    34.9132    34.9026    28.0277    1458.54    1466.69 0.0000e+00
      13631    540.000     0.1525     0.2538   2.934889   2.942892     2.0488      98.91     0.0184      0.190    6.86892    34.9127    34.9033    28.0275    1458.54    1466.67 0.0000e+00
      13650    541.000     0.1485     0.2514   2.934597   2.942598     2.0479      98.91     0.0196      0.185    6.86477    34.9128    34.9016    28.0278    1458.54    1466.66 0.0000e+00
      13673    542.000     0.1431     0.2479   2.934183   2.942370     2.0470      98.91     0.0190      0.188    6.85997    34.9128    34.9020    28.0281    1458.53    1466.64 0.0000e+00
      13699    543.000     0.1428     0.2464   2.934193   2.942283     2.0456      98.91     0.0186      0.193    6.85697    34.9127    34.9019    28.0280    1458.54    1466.63 0.0000e+00
      13726    544.000     0.1385     0.2447   2.933864   2.942220     2.0446      98.91     0.0207      0.190    6.84626    34.9127    34.9024    28.0282    1458.54    1466.61 0.0000e+00
      13749    545.000     0.1330     0.2401   2.933415   2.942088     2.0429      79.35     0.0189      0.239    6.85483    34.9124    34.9053    28.0283    1458.53    1466.60 0.0000e+00
      13770    546.000     0.1282     0.2390   2.933076   2.941949     2.0430      99.12     0.0176      0.196    6.85941    34.9128    34.9041    28.0289    1458.53    1466.58 0.0000e+00
      13791    547.000     0.1249     0.2369   2.932825   2.941735     2.0420      98.91     0.0155      0.231    6.85061    34.9126    34.9031    28.0289    1458.53    1466.57 0.0000e+00
      13814    548.000     0.1195     0.2339   2.932386   2.941499     2.0412      98.91     0.0166      0.182    6.84724    34.9123    34.9028    28.0290    1458.52    1466.55 0.0000e+00
      13839    549.000     0.1142     0.2313   2.931987   2.941310     2.0402      98.91     0.0160      0.185    6.85035    34.9125    34.9027    28.0294    1458.51    1466.54 0.0000e+00
      13864    550.000     0.1121     0.2276   2.931856   2.941143     2.0397      98.91     0.0173      0.197    6.85444    34.9126    34.9041    28.0296    1458.52    1466.52 0.0000e+00
      13888    551.000     0.1118     0.2253   2.931888   2.940905     2.0392      98.91     0.0187      0.206    6.84389    34.9127    34.9030    28.0298    1458.53    1466.51 0.0000e+00
      13910    552.000     0.1089     0.2222   2.931661   2.940627     2.0378      61.17     0.0183      0.213    6.83230    34.9124    34.9022    28.0297    1458.54    1466.49 0.0000e+00
      13933    553.000     0.1092     0.2192   2.931752   2.940256     2.0373      78.63     0.0180      0.180    6.85231    34.9127    34.9001    28.0299    1458.55    1466.48 0.0000e+00
      13959    554.000     0.1072     0.2145   2.931601   2.939857     2.0371      99.22     0.0202      0.192    6.84713    34.9124    34.8996    28.0297    1458.56    1466.47 0.0000e+00
      13985    555.000     0.0950     0.2100   2.930566   2.939616     2.0362      98.91     0.0203      0.174    6.83993    34.9120    34.9010    28.0301    1458.52    1466.45 0.0000e+00
      14008    556.000     0.0870     0.2040   2.929984   2.939332     2.0356      98.91     0.0184      0.181    6.84784    34.9128    34.9034    28.0312    1458.50    1466.44 0.0000e+00
      14029    557.000     0.0881     0.2013   2.930102   2.939069     2.0354      98.91     0.0182      0.189    6.84497    34.9125    34.9024    28.0309    1458.52    1466.42 0.0000e+00
      14051    558.000     0.0851     0.1974   2.929878   2.938729     2.0347      98.91     0.0171      0.183    6.83980    34.9123    34.9018    28.0309    1458.52    1466.41 0.0000e+00
      14075    559.000     0.0837     0.1940   2.929802   2.938359     2.0339      98.34     0.0172      0.177    6.83703    34.9123    34.9002    28.0310    1458.53    1466.39 0.0000e+00
      14101    560.000     0.0769     0.1895   2.929250   2.938095     2.0335      98.92     0.0170      0.197    6.84713    34.9122    34.9012    28.0312    1458.52    1466.38 0.0000e+00
      14126    561.000     0.0743     0.1834   2.929082   2.937837     2.0331      98.91     0.0195      0.185    6.83870    34.9123    34.9041    28.0315    1458.52    1466.37 0.0000e+00
      14150    562.000     0.0607     0.1793   2.927925   2.937579     2.0324      98.91     0.0204      0.179    6.84415    34.9118    34.9048    28.0319    1458.48    1466.35 0.0000e+00
      14172    563.000     0.0565     0.1784   2.927611   2.937302     2.0324      98.91     0.0192      0.183    6.85432    34.9119    34.9015    28.0321    1458.47    1466.34 0.0000e+00
      14193    564.000     0.0407     0.1742   2.926334   2.936960     2.0323      98.91     0.0168      0.197    6.85708    34.9123    34.9012    28.0333    1458.42    1466.32 0.0000e+00
      14216    565.000     0.0445     0.1698   2.926708   2.936593     2.0322      98.91     0.0159      0.180    6.85342    34.9124    34.9008    28.0332    1458.45    1466.31 0.0000e+00
      14240    566.000     0.0444     0.1656   2.926720   2.936357     2.0320      98.91     0.0158      0.177    6.84867    34.9120    34.9018    28.0329    1458.47    1466.30 0.0000e+00
      14266    567.000     0.0375     0.1614   2.926180   2.936205     2.0312      98.91     0.0157      0.187    6.84406    34.9121    34.9040    28.0334    1458.45    1466.28 0.0000e+00
      14291    568.000     0.0344     0.1600   2.925962   2.935959     2.0309      98.91     0.0165      0.179    6.84789    34.9122    34.9017    28.0336    1458.46    1466.27 0.0000e+00
      14314    569.000     0.0332     0.1553   2.925911   2.935646     2.0302      98.91     0.0165      0.177    6.84091    34.9123    34.9023    28.0337    1458.47    1466.25 0.0000e+00
      14338    570.000     0.0325     0.1532   2.925877   2.935301     2.0297      98.91     0.0165      0.179    6.83919    34.9120    34.8996    28.0335    1458.48    1466.24 0.0000e+00
      14362    571.000     0.0296     0.1489   2.925676   2.935010     2.0288      98.91     0.0142      0.183    6.84034    34.9121    34.9000    28.0337    1458.48    1466.23 0.0000e+00
      14386    572.000     0.0243     0.1438   2.925267   2.934753     2.0286      98.91     0.0166      0.189    6.84711    34.9121    34.9018    28.0340    1458.47    1466.21 0.0000e+00
      14409    573.000     0.0219     0.1409   2.925123   2.934505     2.0284      98.91     0.0171      0.180    6.84212    34.9123    34.9012    28.0344    1458.48    1466.20 0.0000e+00
      14430    574.000     0.0180     0.1374   2.924779   2.934265     2.0277      98.91     0.0168      0.185    6.83782    34.9116    34.9015    28.0340    1458.48    1466.19 0.0000e+00
      14452    575.000     0.0115     0.1334   2.924322   2.933943     2.0274      98.91     0.0158      0.181    6.84214    34.9123    34.9012    28.0349    1458.47    1466.17 0.0000e+00
      14475    576.000     0.0094     0.1302   2.924172   2.933565     2.0268      98.91     0.0172      0.182    6.83469    34.9122    34.8992    28.0349    1458.47    1466.16 0.0000e+00
      14502    577.000     0.0077     0.1242   2.924076   2.933229     2.0257      98.91     0.0171      0.180    6.82586    34.9122    34.9010    28.0350    1458.48    1466.15 0.0000e+00
      14529    578.000     0.0087     0.1204   2.924211   2.932970     2.0247      98.91     0.0170      0.179    6.82585    34.9123    34.9013    28.0350    1458.50    1466.13 0.0000e+00
      14554    579.000     0.0073     0.1166   2.924116   2.932629     2.0239      98.91     0.0161      0.176    6.83073    34.9120    34.9005    28.0349    1458.51    1466.12 0.0000e+00
      14576    580.000     0.0004     0.1114   2.923574   2.932251     2.0238      98.91     0.0158      0.617    6.83797    34.9121    34.9008    28.0353    1458.50    1466.11 0.0000e+00
      14598    581.000    -0.0017     0.1071   2.923461   2.931872     2.0235      98.91     0.0161      0.261    6.82743    34.9124    34.9001    28.0357    1458.50    1466.09 0.0000e+00
      14620    582.000    -0.0063     0.1025   2.923085   2.931487     2.0225      98.91     0.0159      0.180    6.82015    34.9120    34.8996    28.0356    1458.50    1466.08 0.0000e+00
      14644    583.000    -0.0058     0.0978   2.923180   2.931220     2.0217      98.90     0.0154      0.179    6.82310    34.9121    34.9009    28.0357    1458.52    1466.07 0.0000e+00
      14668    584.000    -0.0082     0.0952   2.923024   2.930988     2.0212      98.91     0.0150      0.179    6.82710    34.9122    34.9001    28.0359    1458.52    1466.05 0.0000e+00
      14691    585.000    -0.0101     0.0918   2.922910   2.930767     2.0207      98.91     0.0153      0.199    6.81971    34.9123    34.9005    28.0360    1458.53    1466.04 0.0000e+00
      14715    586.000    -0.0106     0.0881   2.922913   2.930489     2.0201      98.91     0.0171      0.179    6.82543    34.9123    34.9004    28.0361    1458.54    1466.03 0.0000e+00
      14739    587.000    -0.0105     0.0840   2.922973   2.930112     2.0198      98.91     0.0164      0.176    6.82202    34.9124    34.8995    28.0361    1458.56    1466.02 0.0000e+00
      14763    588.000    -0.0108     0.0793   2.922976   2.929758     2.0192      98.91     0.0168      0.173    6.82127    34.9122    34.8996    28.0360    1458.58    1466.00 0.0000e+00
      14787    589.000    -0.0163     0.0751   2.922521   2.929519     2.0188      98.91     0.0173      0.184    6.82757    34.9118    34.9006    28.0360    1458.57    1465.99 0.0000e+00
      14812    590.000    -0.0278     0.0720   2.921601   2.929284     2.0188      98.91     0.0205      0.187    6.83141    34.9121    34.9004    28.0368    1458.53    1465.98 0.0000e+00
      14835    591.000    -0.0328     0.0685   2.921207   2.929017     2.0185      98.91     0.0200      0.205    6.82296    34.9119    34.9003    28.0370    1458.52    1465.96 0.0000e+00
      14857    592.000    -0.0381     0.0646   2.920791   2.928749     2.0178      98.91     0.0221      0.175    6.82621    34.9119    34.9006    28.0372    1458.52    1465.95 0.0000e+00
      14880    593.000    -0.0406     0.0606   2.920668   2.928433     2.0178      98.91     0.0173      0.189    6.82508    34.9125    34.9003    28.0378    1458.52    1465.94 0.0000e+00
      14903    594.000    -0.0366     0.0569   2.921041   2.928160     2.0166      75.11     0.0164      0.182    6.80295    34.9123    34.9003    28.0375    1458.56    1465.93 0.0000e+00
      14926    595.000    -0.0350     0.0526   2.921195   2.927953     2.0161      81.03     0.0161      0.174    6.82966    34.9119    34.9019    28.0371    1458.58    1465.91 0.0000e+00
      14949    596.000    -0.0369     0.0498   2.921096   2.927738     2.0161      98.86     0.0179      0.173    6.81879    34.9122    34.9016    28.0374    1458.59    1465.90 0.0000e+00
      14972    597.000    -0.0390     0.0470   2.920957   2.927526     2.0153      98.91     0.0190      0.199    6.81352    34.9121    34.9014    28.0375    1458.59    1465.89 0.0000e+00
