Physical_Data/CTD_Data/Example_Data/sta0482.cnv
* Sea-Bird SBE 9 Data File:
* FileName = C:\Seabird\CTDData\sta0482.hex
* Software Version Seasave V 7.21f
* Temperature SN = 4340
* Conductivity SN = 3012
* Number of Bytes Per Scan = 34
* Number of Voltage Words = 3
* Number of Scans Averaged by the Deck Unit = 1
* NMEA Latitude = 73 48.69 N
* NMEA Longitude = 007 30.58 E
* NMEA UTC (Time) = Jun 23 2016 11:12:45
* NMEA baud rate = 4800
** Ship: 10 F/F "G. O. Sars"
** Station: 0482
** Echodepth: 720
** Log: 7761
** Wind-Dir Force: 20 14
** Air-temp (dry): 6.7
** Weather Sky: 2 5
** Sea Ice: 3 0
** Par light: 451
# nquan = 17                                
# nvalues = 772                         
# units = specified
# name 0 = scan: Scan Count
# name 1 = prDM: Pressure, Digiquartz [db]
# name 2 = t068C: Temperature [ITS-68, deg C]
# name 3 = t168C: Temperature, 2 [ITS-68, deg C]
# name 4 = c0S/m: Conductivity [S/m]
# name 5 = c1S/m: Conductivity, 2 [S/m]
# name 6 = sbeox0V: Oxygen raw, SBE 43 [V]
# name 7 = altM: Altimeter [m]
# name 8 = flC: Fluorescence, Chelsea Aqua 3 Chl Con [ug/l]
# name 9 = seaTurbMtr: Turbidity, Seapoint [FTU]
# name 10 = sbeox0ML/L: Oxygen, SBE 43 [ml/l], WS = 2
# name 11 = sal00: Salinity, Practical [PSU]
# name 12 = sal11: Salinity, Practical, 2 [PSU]
# name 13 = sigma-t00: Density [sigma-t, Kg/m^3 ]
# name 14 = svCM: Sound Velocity [Chen-Millero, m/s]
# name 15 = avgsvCM: Average Sound Velocity [Chen-Millero, m/s], minP = 1, minS = 5
# name 16 = flag: flag
# span 0 =        711,      21176       
# span 1 =      4.000,    775.000       
# span 2 =    -0.2507,     6.2933       
# span 3 =    -0.2495,     6.2937       
# span 4 =   2.910569,   3.474296       
# span 5 =   2.912573,   3.473372       
# span 6 =     1.9499,     2.5755       
# span 7 =       8.71,      99.43       
# span 8 =     0.0104,     1.0014       
# span 9 =      0.165,      3.666       
# span 10 =    6.62424,    7.34191      
# span 11 =    34.9101,    35.1275      
# span 12 =    34.8946,    35.1169      
# span 13 =    27.6104,    28.0492      
# span 14 =    1458.26,    1476.13      
# span 15 =    1463.82,    1476.11      
# span 16 = 0.0000e+00, 0.0000e+00      
# interval = decibars: 1                
# start_time = Jun 23 2016 11:12:47 [System UTC, header]
# bad_flag = -9.990e-29
*END*
[from data line 681]
      17022    685.000    -0.1795    -0.1307   2.912893   2.916092     1.9743      98.91     0.0183      0.180    6.75146    34.9128    34.8998    28.0453    1459.39    1464.31 0.0000e+00
      17046    686.000    -0.1795    -0.1332   2.912935   2.915884     1.9744      98.91     0.0164      0.183    6.75083    34.9127    34.8993    28.0453    1459.41    1464.31 0.0000e+00
      17069    687.000    -0.1795    -0.1364   2.912975   2.915686     1.9746      98.91     0.0167      0.173    6.74832    34.9127    34.8997    28.0453    1459.43    1464.30 0.0000e+00
      17092    688.000    -0.1792    -0.1394   2.913042   2.915543     1.9744      98.91     0.0152      0.189    6.74778    34.9126    34.9006    28.0452    1459.45    1464.29 0.0000e+00
      17116    689.000    -0.1790    -0.1411   2.913106   2.915438     1.9741      80.48     0.0161      0.183    6.73295    34.9127    34.9006    28.0452    1459.46    1464.29 0.0000e+00
      17140    690.000    -0.1789    -0.1430   2.913161   2.915370     1.9737      90.03     0.0166      0.178    6.75101    34.9127    34.9012    28.0452    1459.48    1464.28 0.0000e+00
      17164    691.000    -0.1790    -0.1444   2.913194   2.915306     1.9737      98.83     0.0143      0.176    6.74408    34.9127    34.9014    28.0452    1459.50    1464.27 0.0000e+00
      17188    692.000    -0.1790    -0.1456   2.913240   2.915181     1.9734      98.91     0.0120      0.187    6.74066    34.9127    34.9005    28.0452    1459.51    1464.27 0.0000e+00
      17211    693.000    -0.1790    -0.1477   2.913286   2.915070     1.9730      98.91     0.0125      0.178    6.74001    34.9127    34.9008    28.0452    1459.53    1464.26 0.0000e+00
      17235    694.000    -0.1792    -0.1495   2.913321   2.914982     1.9727      98.91     0.0151      0.188    6.73603    34.9128    34.9011    28.0453    1459.54    1464.25 0.0000e+00
      17260    695.000    -0.1788    -0.1508   2.913389   2.914935     1.9720      98.91     0.0168      0.195    6.73579    34.9127    34.9014    28.0452    1459.56    1464.25 0.0000e+00
      17285    696.000    -0.1789    -0.1529   2.913421   2.914924     1.9719      98.91     0.0157      0.192    6.74312    34.9126    34.9030    28.0452    1459.58    1464.24 0.0000e+00
      17309    697.000    -0.1787    -0.1528   2.913491   2.914895     1.9719      98.91     0.0151      0.178    6.75067    34.9127    34.9019    28.0452    1459.60    1464.23 0.0000e+00
      17333    698.000    -0.1778    -0.1535   2.913625   2.914822     1.9721      98.91     0.0161      0.173    6.75257    34.9129    34.9012    28.0453    1459.62    1464.23 0.0000e+00
      17358    699.000    -0.1741    -0.1546   2.913966   2.914809     1.9725      98.91     0.0154      0.186    6.75007    34.9126    34.9016    28.0449    1459.65    1464.22 0.0000e+00
      17382    700.000    -0.1746    -0.1554   2.913973   2.914810     1.9721      98.91     0.0151      0.207    6.73795    34.9127    34.9020    28.0450    1459.66    1464.21 0.0000e+00
      17405    701.000    -0.1744    -0.1558   2.914043   2.914779     1.9715      98.91     0.0173      0.192    6.73772    34.9128    34.9014    28.0451    1459.68    1464.21 0.0000e+00
      17427    702.000    -0.1748    -0.1568   2.914059   2.914754     1.9713      98.91     0.0181      0.175    6.73384    34.9129    34.9016    28.0452    1459.70    1464.20 0.0000e+00
      17452    703.000    -0.1755    -0.1577   2.914035   2.914759     1.9700      83.65     0.0163      0.170    6.72268    34.9128    34.9021    28.0451    1459.71    1464.19 0.0000e+00
      17478    704.000    -0.1759    -0.1579   2.914034   2.914807     1.9703      98.49     0.0190      0.174    6.74877    34.9126    34.9024    28.0450    1459.72    1464.19 0.0000e+00
      17503    705.000    -0.1742    -0.1583   2.914235   2.914838     1.9701      98.91     0.0153      0.177    6.73978    34.9128    34.9027    28.0450    1459.75    1464.18 0.0000e+00
      17527    706.000    -0.1732    -0.1582   2.914353   2.914814     1.9699      98.92     0.0140      0.175    6.73654    34.9126    34.9017    28.0449    1459.77    1464.17 0.0000e+00
      17548    707.000    -0.1739    -0.1587   2.914338   2.914820     1.9694      98.91     0.0136      0.174    6.73290    34.9126    34.9017    28.0449    1459.78    1464.17 0.0000e+00
      17570    708.000    -0.1750    -0.1594   2.914292   2.914828     1.9692      98.91     0.0159      0.176    6.73761    34.9127    34.9020    28.0450    1459.79    1464.16 0.0000e+00
      17594    709.000    -0.1762    -0.1604   2.914223   2.914839     1.9690      98.91     0.0177      0.173    6.73886    34.9125    34.9027    28.0449    1459.80    1464.16 0.0000e+00
      17620    710.000    -0.1791    -0.1599   2.914024   2.914870     1.9686      98.91     0.0151      0.180    6.73232    34.9126    34.9020    28.0451    1459.81    1464.15 0.0000e+00
      17647    711.000    -0.1808    -0.1602   2.913940   2.914917     1.9683      98.91     0.0140      0.174    6.73724    34.9128    34.9024    28.0454    1459.82    1464.14 0.0000e+00
      17673    712.000    -0.1764    -0.1604   2.914371   2.914953     1.9681      98.91     0.0150      0.177    6.74190    34.9129    34.9025    28.0453    1459.85    1464.14 0.0000e+00
      17697    713.000    -0.1796    -0.1604   2.914106   2.915001     1.9681      98.91     0.0168      0.177    6.74085    34.9125    34.9025    28.0451    1459.85    1464.13 0.0000e+00
      17719    714.000    -0.1786    -0.1603   2.914285   2.915041     1.9680      98.92     0.0146      0.177    6.74308    34.9131    34.9024    28.0456    1459.88    1464.13 0.0000e+00
      17740    715.000    -0.1808    -0.1605   2.914097   2.915063     1.9681      98.91     0.0136      0.175    6.74429    34.9125    34.9023    28.0452    1459.88    1464.12 0.0000e+00
      17761    716.000    -0.1805    -0.1607   2.914186   2.915068     1.9680      98.91     0.0143      0.172    6.74147    34.9128    34.9020    28.0454    1459.90    1464.11 0.0000e+00
      17784    717.000    -0.1819    -0.1607   2.914104   2.915091     1.9678      98.57     0.0165      0.172    6.73999    34.9127    34.9017    28.0454    1459.91    1464.11 0.0000e+00
      17812    718.000    -0.1820    -0.1612   2.914142   2.915145     1.9675      98.90     0.0159      0.179    6.74119    34.9127    34.9024    28.0454    1459.93    1464.10 0.0000e+00
      17842    719.000    -0.1806    -0.1613   2.914302   2.915194     1.9672      98.91     0.0176      0.210    6.73379    34.9127    34.9026    28.0453    1459.95    1464.10 0.0000e+00
      17868    720.000    -0.1819    -0.1606   2.914232   2.915209     1.9667      98.91     0.0203      0.178    6.73925    34.9126    34.9014    28.0453    1459.96    1464.09 0.0000e+00
      17890    721.000    -0.1828    -0.1612   2.914215   2.915225     1.9666      98.92     0.0200      0.171    6.73801    34.9128    34.9017    28.0455    1459.97    1464.08 0.0000e+00
      17910    722.000    -0.1797    -0.1619   2.914526   2.915250     1.9663      98.90     0.0161      0.172    6.73184    34.9128    34.9022    28.0454    1460.00    1464.08 0.0000e+00
      17930    723.000    -0.1794    -0.1622   2.914583   2.915278     1.9659      98.91     0.0104      0.177    6.74138    34.9127    34.9024    28.0452    1460.02    1464.07 0.0000e+00
      17954    724.000    -0.1812    -0.1620   2.914484   2.915313     1.9661      98.91     0.0113      0.220    6.74211    34.9128    34.9020    28.0454    1460.03    1464.07 0.0000e+00
      17980    725.000    -0.1792    -0.1618   2.914710   2.915344     1.9658      98.91     0.0127      0.177    6.73740    34.9130    34.9016    28.0455    1460.06    1464.06 0.0000e+00
      18007    726.000    -0.1759    -0.1620   2.915027   2.915381     1.9656      98.91     0.0143      0.210    6.73755    34.9128    34.9017    28.0452    1460.09    1464.06 0.0000e+00
      18032    727.000    -0.1763    -0.1622   2.915018   2.915406     1.9654      98.91     0.0160      0.190    6.73999    34.9126    34.9017    28.0450    1460.10    1464.05 0.0000e+00
      18055    728.000    -0.1857    -0.1625   2.914248   2.915403     1.9653      98.91     0.0158      0.175    6.73672    34.9124    34.9014    28.0454    1460.07    1464.05 0.0000e+00
      18078    729.000    -0.1924    -0.1631   2.913716   2.915412     1.9647      98.91     0.0156      0.176    6.73214    34.9124    34.9016    28.0457    1460.06    1464.04 0.0000e+00
      18100    730.000    -0.1977    -0.1636   2.913328   2.915444     1.9644      98.91     0.0150      0.173    6.73787    34.9127    34.9020    28.0462    1460.05    1464.03 0.0000e+00
      18123    731.000    -0.2005    -0.1639   2.913142   2.915445     1.9641      98.91     0.0158      0.179    6.74155    34.9128    34.9018    28.0464    1460.06    1464.03 0.0000e+00
      18150    732.000    -0.2009    -0.1643   2.913146   2.915427     1.9642      98.91     0.0160      0.175    6.74567    34.9127    34.9014    28.0464    1460.07    1464.02 0.0000e+00
      18177    733.000    -0.1999    -0.1648   2.913291   2.915447     1.9640      98.91     0.0158      0.177    6.73662    34.9129    34.9017    28.0465    1460.09    1464.02 0.0000e+00
      18202    734.000    -0.1988    -0.1651   2.913422   2.915496     1.9634      98.91     0.0179      0.174    6.73181    34.9128    34.9021    28.0464    1460.11    1464.01 0.0000e+00
      18224    735.000    -0.1976    -0.1656   2.913574   2.915520     1.9629      98.91     0.0185      0.169    6.73303    34.9129    34.9024    28.0464    1460.13    1464.01 0.0000e+00
      18246    736.000    -0.1986    -0.1656   2.913521   2.915495     1.9626      98.91     0.0178      0.178    6.73130    34.9127    34.9014    28.0463    1460.15    1464.00 0.0000e+00
      18269    737.000    -0.2019    -0.1663   2.913281   2.915489     1.9620      98.91     0.0166      0.210    6.72758    34.9127    34.9016    28.0464    1460.15    1464.00 0.0000e+00
      18293    738.000    -0.2057    -0.1669   2.913012   2.915511     1.9615      98.91     0.0143      0.172    6.71437    34.9129    34.9020    28.0467    1460.15    1463.99 0.0000e+00
      18318    739.000    -0.2043    -0.1671   2.913150   2.915534     1.9597      62.01     0.0136      0.289    6.71563    34.9125    34.9019    28.0464    1460.17    1463.99 0.0000e+00
      18342    740.000    -0.2105    -0.1673   2.912686   2.915556     1.9600      71.77     0.0149      0.646    6.73437    34.9128    34.9018    28.0470    1460.16    1463.98 0.0000e+00
      18366    741.000    -0.2157    -0.1677   2.912283   2.915593     1.9601      78.60     0.0155      0.180    6.74911    34.9128    34.9022    28.0472    1460.15    1463.98 0.0000e+00
      18392    742.000    -0.2158    -0.1679   2.912322   2.915562     1.9604      99.02     0.0163      0.176    6.73961    34.9128    34.9014    28.0472    1460.17    1463.97 0.0000e+00
      18417    743.000    -0.2175    -0.1688   2.912221   2.915510     1.9602      98.91     0.0147      0.171    6.72926    34.9128    34.9012    28.0473    1460.17    1463.97 0.0000e+00
      18440    744.000    -0.2159    -0.1699   2.912407   2.915471     1.9592      77.55     0.0147      0.200    6.71186    34.9129    34.9013    28.0473    1460.20    1463.96 0.0000e+00
      18462    745.000    -0.2168    -0.1709   2.912376   2.915384     1.9586      48.56     0.0169      0.169    6.73445    34.9129    34.9007    28.0474    1460.21    1463.96 0.0000e+00
      18483    746.000    -0.2186    -0.1724   2.912257   2.915309     1.9587      83.91     0.0195      0.258    6.72241    34.9128    34.9008    28.0473    1460.22    1463.95 0.0000e+00
      18508    747.000    -0.2206    -0.1735   2.912121   2.915246     1.9581      59.64     0.0201      0.181    6.74807    34.9127    34.9006    28.0474    1460.23    1463.95 0.0000e+00
      18534    748.000    -0.2224    -0.1748   2.912033   2.915234     1.9589      78.99     0.0197      0.167    6.73099    34.9130    34.9014    28.0477    1460.23    1463.94 0.0000e+00
      18558    749.000    -0.2220    -0.1754   2.912111   2.915186     1.9580      34.58     0.0200      0.176    6.72368    34.9130    34.9008    28.0477    1460.25    1463.94 0.0000e+00
      18581    750.000    -0.2225    -0.1768   2.912114   2.915112     1.9577      34.29     0.0181      0.180    6.73396    34.9130    34.9009    28.0477    1460.27    1463.93 0.0000e+00
      18604    751.000    -0.2220    -0.1781   2.912202   2.915024     1.9576      33.22     0.0195      0.171    6.73193    34.9130    34.9006    28.0477    1460.29    1463.93 0.0000e+00
      18628    752.000    -0.2227    -0.1796   2.912174   2.914959     1.9573      32.26     0.0176      0.209    6.73193    34.9128    34.9008    28.0476    1460.30    1463.92 0.0000e+00
      18651    753.000    -0.2260    -0.1809   2.911946   2.914930     1.9574      31.16     0.0187      0.172    6.73524    34.9130    34.9013    28.0479    1460.30    1463.92 0.0000e+00
      18675    754.000    -0.2263    -0.1820   2.911964   2.914817     1.9571      30.22     0.0175      0.166    6.73287    34.9130    34.9005    28.0479    1460.32    1463.91 0.0000e+00
      18699    755.000    -0.2273    -0.1834   2.911924   2.914731     1.9569      29.17     0.0150      0.173    6.73068    34.9130    34.9004    28.0479    1460.33    1463.91 0.0000e+00
      18723    756.000    -0.2283    -0.1851   2.911874   2.914670     1.9564      28.25     0.0145      0.172    6.72414    34.9129    34.9009    28.0479    1460.34    1463.90 0.0000e+00
      18745    757.000    -0.2291    -0.1864   2.911859   2.914538     1.9560      27.25     0.0143      0.172    6.72725    34.9130    34.9000    28.0480    1460.35    1463.90 0.0000e+00
      18770    758.000    -0.2312    -0.1885   2.911726   2.914441     1.9555      26.10     0.0181      0.168    6.71951    34.9130    34.9005    28.0482    1460.36    1463.89 0.0000e+00
      18795    759.000    -0.2315    -0.1903   2.911749   2.914390     1.9547      25.07     0.0186      0.175    6.72141    34.9131    34.9013    28.0482    1460.37    1463.89 0.0000e+00
      18829    760.000    -0.2314    -0.1986   2.911779   2.914344     1.9545      23.98     0.0171      0.171    6.72614    34.9128    34.9095    28.0480    1460.39    1463.88 0.0000e+00
      19168    761.000    -0.2285    -0.2274   2.912080   2.914419     1.9546      22.58     0.0130      0.176    6.73347    34.9129    34.9427    28.0479    1460.42    1463.88 0.0000e+00
      19379    762.000    -0.2318    -0.2270   2.911838   2.914108     1.9548      21.58     0.0175      0.169    6.73593    34.9128    34.9375    28.0480    1460.42    1463.88 0.0000e+00
      19608    763.000    -0.2354    -0.2298   2.911573   2.913848     1.9544      20.59     0.0155      0.198    6.73036    34.9128    34.9366    28.0482    1460.42    1463.87 0.0000e+00
      19675    764.000    -0.2408    -0.2185   2.911184   2.913740     1.9539      19.65     0.0139      0.172    6.72901    34.9132    34.9218    28.0488    1460.41    1463.87 0.0000e+00
      19812    765.000    -0.2401    -0.2258   2.911257   2.913656     1.9543      18.49     0.0141      0.186    6.73924    34.9128    34.9284    28.0484    1460.43    1463.86 0.0000e+00
      19912    766.000    -0.2487    -0.2463   2.910569   2.913619     1.9533      17.65     0.0120      0.171    6.73014    34.9128    34.9506    28.0489    1460.41    1463.86 0.0000e+00
      19954    767.000    -0.2480    -0.2123   2.910669   2.913586     1.9526      16.74     0.0142      0.183    6.72428    34.9128    34.9109    28.0488    1460.43    1463.85 0.0000e+00
      20035    768.000    -0.2490    -0.2238   2.910637   2.913544     1.9520      15.62     0.0145      0.177    6.72762    34.9129    34.9229    28.0490    1460.44    1463.85 0.0000e+00
