Physical_Data/CTD_Data/Example_Data/sta0476.cnv
* Sea-Bird SBE 9 Data File:
* FileName = C:\Seabird\CTDData\sta0476.hex
* Software Version Seasave V 7.21f
* Temperature SN = 4340
* Conductivity SN = 3012
* Number of Bytes Per Scan = 34
* Number of Voltage Words = 3
* Number of Scans Averaged by the Deck Unit = 1
* NMEA Latitude = 73 49.23 N
* NMEA Longitude = 007 30.18 E
* NMEA UTC (Time) = Jun 22 2016 07:38:07
* NMEA baud rate = 4800
** Ship: 10 F/F "G. O. Sars"
** Station: 0476
** Echodepth: 780
** Log: 7736.101
** Wind-Dir Force: 18 04
** Air-temp (dry): 7.7
** Weather Sky: 2 5
** Sea Ice: 2 0
** Par light: 451
# nquan = 17                                
# nvalues = 785                         
# units = specified
# name 0 = scan: Scan Count
# name 1 = prDM: Pressure, Digiquartz [db]
# name 2 = t068C: Temperature [ITS-68, deg C]
# name 3 = t168C: Temperature, 2 [ITS-68, deg C]
# name 4 = c0S/m: Conductivity [S/m]
# name 5 = c1S/m: Conductivity, 2 [S/m]
# name 6 = sbeox0V: Oxygen raw, SBE 43 [V]
# name 7 = altM: Altimeter [m]
# name 8 = flC: Fluorescence, Chelsea Aqua 3 Chl Con [ug/l]
# name 9 = seaTurbMtr: Turbidity, Seapoint [FTU]
# name 10 = sbeox0ML/L: Oxygen, SBE 43 [ml/l], WS = 2
# name 11 = sal00: Salinity, Practical [PSU]
# name 12 = sal11: Salinity, Practical, 2 [PSU]
# name 13 = sigma-t00: Density [sigma-t, Kg/m^3 ]
# name 14 = svCM: Sound Velocity [Chen-Millero, m/s]
# name 15 = avgsvCM: Average Sound Velocity [Chen-Millero, m/s], minP = 1, minS = 5
# name 16 = flag: flag
# span 0 =        440,      21109       
# span 1 =      3.000,    787.000       
# span 2 =    -0.3679,     6.0373       
# span 3 =    -0.3638,     6.0440       
# span 4 =   2.901237,   3.450268       
# span 5 =   2.904915,   3.449986       
# span 6 =     1.9464,     2.5586       
# span 7 =       7.21,      99.36       
# span 8 =     0.0084,     0.8536       
# span 9 =      0.166,      2.464       
# span 10 =    6.60829,    7.36758      
# span 11 =    34.9107,    35.1201      
# span 12 =    34.8979,    35.1106      
# span 13 =    27.6400,    28.0542      
# span 14 =    1457.52,    1475.08      
# span 15 =    1463.13,    1475.08      
# span 16 = 0.0000e+00, 0.0000e+00      
# interval = decibars: 1                
# start_time = Jun 22 2016 07:38:09 [System UTC, header]
# bad_flag = -9.990e-29
*END*
        440      3.000     6.0373     6.0440   3.450268   3.449986     2.5586      98.86     0.2361      2.289    7.27271    35.1162    35.1061    27.6400    1475.08    1475.08 0.0000e+00
        480      4.000     6.0136     6.0134   3.448164   3.447197     2.5564      98.88     0.2362      2.181    7.26350    35.1165    35.1057    27.6433    1475.01    1475.06 0.0000e+00
        505      5.000     5.9816     5.9801   3.445259   3.444164     2.5556      98.87     0.2458      2.349    7.27037    35.1163    35.1054    27.6472    1474.90    1475.03 0.0000e+00
        534      6.000     5.9469     5.9438   3.442115   3.440874     2.5547      98.86     0.2645      2.413    7.27816    35.1162    35.1053    27.6516    1474.77    1474.99 0.0000e+00
        561      7.000     5.9016     5.8985   3.437987   3.436738     2.5546      98.87     0.2812      2.312    7.29494    35.1159    35.1050    27.6572    1474.61    1474.93 0.0000e+00
        584      8.000     5.8627     5.8603   3.434508   3.433327     2.5549      98.86     0.2981      2.345    7.29977    35.1164    35.1054    27.6625    1474.47    1474.88 0.0000e+00
        606      9.000     5.8319     5.8302   3.431708   3.430588     2.5545      98.87     0.3198      2.203    7.30225    35.1161    35.1051    27.6661    1474.37    1474.82 0.0000e+00
        630     10.000     5.7671     5.7659   3.425720   3.424617     2.5544      98.86     0.3563      2.295    7.32486    35.1149    35.1036    27.6734    1474.12    1474.75 0.0000e+00
        655     11.000     5.7005     5.6992   3.419799   3.418704     2.5556      98.86     0.4187      2.392    7.34579    35.1163    35.1052    27.6829    1473.88    1474.67 0.0000e+00
        680     12.000     5.6675     5.6667   3.416879   3.415831     2.5561      98.86     0.4962      2.464    7.34760    35.1169    35.1058    27.6875    1473.76    1474.59 0.0000e+00
        703     13.000     5.6466     5.6458   3.414977   3.413948     2.5560      98.86     0.5623      2.377    7.34974    35.1165    35.1055    27.6897    1473.69    1474.53 0.0000e+00
        728     14.000     5.6234     5.6227   3.412900   3.411890     2.5565      97.48     0.6547      2.432    7.36179    35.1164    35.1056    27.6926    1473.62    1474.46 0.0000e+00
        754     15.000     5.5915     5.5910   3.409954   3.408796     2.5568      66.77     0.7624      2.343    7.36758    35.1155    35.1028    27.6958    1473.51    1474.40 0.0000e+00
        779     16.000     5.5556     5.5549   3.406781   3.405781     2.5568      98.99     0.8166      2.340    7.36164    35.1162    35.1055    27.7008    1473.38    1474.33 0.0000e+00
        803     17.000     5.5359     5.5352   3.405043   3.404054     2.5548      98.87     0.8478      2.292    7.33837    35.1164    35.1058    27.7034    1473.32    1474.27 0.0000e+00
        827     18.000     5.5202     5.5194   3.403616   3.402639     2.5516      98.87     0.8536      2.188    7.31622    35.1159    35.1056    27.7050    1473.27    1474.22 0.0000e+00
        850     19.000     5.5024     5.5027   3.401998   3.401099     2.5471      98.86     0.8474      2.178    7.29281    35.1155    35.1049    27.7068    1473.21    1474.16 0.0000e+00
        875     20.000     5.4598     5.4593   3.398212   3.397250     2.5417      98.86     0.8229      1.974    7.27713    35.1161    35.1056    27.7125    1473.06    1474.11 0.0000e+00
        899     21.000     5.4549     5.4545   3.397519   3.396902     2.5361      98.87     0.7585      2.016    7.25581    35.1128    35.1061    27.7105    1473.05    1474.06 0.0000e+00
        925     22.000     5.4462     5.4464   3.397058   3.396171     2.5296      98.87     0.7200      2.092    7.21612    35.1161    35.1057    27.7141    1473.04    1474.01 0.0000e+00
        951     23.000     5.4255     5.4255   3.395205   3.394314     2.5208      98.87     0.6976      2.185    7.18283    35.1159    35.1057    27.7166    1472.97    1473.97 0.0000e+00
        978     24.000     5.4079     5.4076   3.393656   3.392741     2.5129      98.87     0.6490      1.908    7.17502    35.1160    35.1058    27.7188    1472.92    1473.92 0.0000e+00
       1004     25.000     5.3939     5.3932   3.392451   3.391385     2.5066      98.87     0.5794      1.946    7.16466    35.1163    35.1048    27.7207    1472.88    1473.88 0.0000e+00
       1028     26.000     5.3906     5.3902   3.392017   3.391347     2.5010      98.87     0.5170      1.883    7.14443    35.1143    35.1070    27.7195    1472.88    1473.84 0.0000e+00
       1052     27.000     5.3875     5.3872   3.392011   3.391126     2.4955      98.87     0.4743      2.007    7.12390    35.1169    35.1071    27.7220    1472.89    1473.81 0.0000e+00
       1077     28.000     5.3850     5.3845   3.391831   3.390936     2.4886      74.89     0.4592      1.810    7.09183    35.1170    35.1072    27.7223    1472.89    1473.78 0.0000e+00
       1101     29.000     5.3835     5.3830   3.391737   3.390845     2.4829      99.07     0.4432      1.871    7.08481    35.1169    35.1072    27.7224    1472.90    1473.75 0.0000e+00
       1124     30.000     5.3808     5.3806   3.391539   3.390676     2.4776      98.87     0.4364      1.819    7.07943    35.1169    35.1072    27.7228    1472.91    1473.72 0.0000e+00
       1147     31.000     5.3777     5.3774   3.391323   3.390434     2.4743      98.87     0.4292      1.849    7.08004    35.1172    35.1073    27.7233    1472.91    1473.69 0.0000e+00
       1170     32.000     5.3762     5.3758   3.391229   3.390338     2.4711      98.87     0.4167      1.738    7.07671    35.1171    35.1073    27.7235    1472.92    1473.67 0.0000e+00
       1195     33.000     5.3747     5.3743   3.391150   3.390263     2.4688      98.88     0.4053      1.665    7.07866    35.1173    35.1075    27.7238    1472.93    1473.64 0.0000e+00
       1221     34.000     5.3733     5.3730   3.391072   3.390187     2.4665      98.88     0.3881      1.649    7.07060    35.1173    35.1074    27.7240    1472.94    1473.62 0.0000e+00
       1247     35.000     5.3718     5.3714   3.390980   3.390087     2.4642      98.88     0.3814      1.736    7.06786    35.1173    35.1074    27.7242    1472.95    1473.61 0.0000e+00
       1272     36.000     5.3705     5.3701   3.390915   3.390034     2.4628      98.88     0.3776      1.689    7.06918    35.1174    35.1077    27.7244    1472.97    1473.59 0.0000e+00
       1296     37.000     5.3694     5.3691   3.390861   3.389989     2.4614      98.88     0.3688      1.702    7.05938    35.1174    35.1077    27.7245    1472.98    1473.57 0.0000e+00
       1321     38.000     5.3664     5.3664   3.390624   3.389771     2.4591      98.88     0.3654      1.599    7.05226    35.1173    35.1075    27.7248    1472.98    1473.56 0.0000e+00
       1346     39.000     5.3640     5.3637   3.390458   3.389580     2.4575      98.88     0.3655      1.621    7.05391    35.1173    35.1076    27.7251    1472.99    1473.54 0.0000e+00
       1371     40.000     5.3632     5.3630   3.390413   3.389555     2.4564      98.88     0.3634      1.647    7.05562    35.1171    35.1075    27.7251    1473.00    1473.53 0.0000e+00
       1394     41.000     5.3612     5.3610   3.390274   3.389394     2.4556      98.89     0.3534      1.682    7.05742    35.1171    35.1072    27.7253    1473.01    1473.51 0.0000e+00
       1417     42.000     5.3609     5.3605   3.390283   3.389395     2.4551      98.89     0.3461      1.615    7.05453    35.1170    35.1072    27.7252    1473.02    1473.50 0.0000e+00
       1441     43.000     5.3581     5.3578   3.390062   3.389181     2.4540      98.88     0.3435      1.644    7.04796    35.1168    35.1070    27.7255    1473.03    1473.49 0.0000e+00
       1466     44.000     5.3558     5.3553   3.389899   3.389008     2.4528      98.88     0.3434      1.601    7.04383    35.1169    35.1071    27.7258    1473.04    1473.48 0.0000e+00
       1492     45.000     5.3562     5.3556   3.389986   3.389085     2.4518      98.89     0.3438      1.564    7.04603    35.1169    35.1072    27.7257    1473.05    1473.47 0.0000e+00
       1517     46.000     5.3535     5.3536   3.389767   3.388913     2.4508      98.89     0.3332      1.542    7.03971    35.1167    35.1068    27.7259    1473.06    1473.46 0.0000e+00
       1541     47.000     5.3456     5.3449   3.389098   3.388182     2.4495      98.90     0.3302      1.655    7.03543    35.1167    35.1069    27.7269    1473.04    1473.45 0.0000e+00
       1564     48.000     5.3399     5.3393   3.388626   3.387724     2.4482      98.89     0.3328      1.641    7.03513    35.1168    35.1070    27.7276    1473.04    1473.45 0.0000e+00
       1588     49.000     5.3379     5.3376   3.388502   3.387610     2.4474      98.89     0.3333      1.473    7.03611    35.1169    35.1069    27.7280    1473.05    1473.44 0.0000e+00
       1612     50.000     5.3284     5.3285   3.387625   3.386782     2.4464      98.89     0.3283      1.464    7.03105    35.1162    35.1064    27.7286    1473.02    1473.43 0.0000e+00
       1637     51.000     5.3101     5.3095   3.386077   3.385165     2.4448      98.89     0.3247      1.496    7.02226    35.1171    35.1072    27.7315    1472.97    1473.42 0.0000e+00
       1661     52.000     5.3091     5.3084   3.386020   3.385104     2.4429      98.89     0.3223      1.489    7.02142    35.1169    35.1071    27.7315    1472.98    1473.41 0.0000e+00
       1686     53.000     5.3082     5.3074   3.385987   3.385043     2.4422      98.89     0.3202      1.519    7.03553    35.1170    35.1069    27.7316    1472.99    1473.40 0.0000e+00
       1711     54.000     5.3068     5.3062   3.385889   3.384983     2.4426      98.90     0.3286      1.482    7.03869    35.1168    35.1070    27.7316    1473.00    1473.40 0.0000e+00
       1736     55.000     5.3042     5.3043   3.385696   3.384848     2.4420      98.90     0.3274      1.499    7.03205    35.1168    35.1069    27.7319    1473.01    1473.39 0.0000e+00
       1760     56.000     5.3000     5.2990   3.385342   3.384391     2.4414      98.90     0.3276      1.480    7.02703    35.1166    35.1067    27.7323    1473.01    1473.38 0.0000e+00
       1783     57.000     5.2948     5.2951   3.384925   3.384093     2.4403      98.90     0.3301      1.713    7.02153    35.1167    35.1068    27.7330    1473.00    1473.38 0.0000e+00
       1806     58.000     5.2921     5.2900   3.384722   3.383673     2.4393      98.90     0.3306      1.485    7.02521    35.1166    35.1068    27.7333    1473.01    1473.37 0.0000e+00
       1830     59.000     5.2851     5.2848   3.384112   3.383240     2.4388      98.90     0.3282      1.440    7.02434    35.1164    35.1067    27.7340    1473.00    1473.36 0.0000e+00
       1855     60.000     5.2809     5.2807   3.383766   3.382908     2.4376      98.90     0.3224      1.495    7.01679    35.1163    35.1066    27.7344    1473.00    1473.36 0.0000e+00
       1881     61.000     5.2553     5.2546   3.381426   3.380510     2.4364      98.90     0.3150      1.353    7.02152    35.1157    35.1059    27.7370    1472.91    1473.35 0.0000e+00
       1905     62.000     5.2277     5.2298   3.378996   3.378313     2.4359      98.90     0.2963      1.222    7.02754    35.1161    35.1060    27.7406    1472.81    1473.34 0.0000e+00
       1929     63.000     5.2089     5.2069   3.377364   3.376293     2.4347      98.90     0.2718      1.207    7.01615    35.1165    35.1062    27.7432    1472.76    1473.33 0.0000e+00
       1953     64.000     5.1845     5.1814   3.375101   3.373927     2.4325      98.90     0.2511      1.372    6.99622    35.1155    35.1052    27.7453    1472.67    1473.32 0.0000e+00
       1978     65.000     5.1613     5.1622   3.373102   3.372321     2.4285      98.90     0.2346      1.180    6.98191    35.1162    35.1063    27.7486    1472.60    1473.31 0.0000e+00
       2003     66.000     5.1573     5.1568   3.372783   3.371865     2.4253      98.90     0.2227      1.151    6.97817    35.1162    35.1061    27.7491    1472.60    1473.30 0.0000e+00
       2028     67.000     5.1572     5.1572   3.372809   3.371948     2.4227      98.90     0.2168      1.059    6.97646    35.1161    35.1061    27.7490    1472.61    1473.29 0.0000e+00
       2052     68.000     5.1420     5.1426   3.371367   3.370534     2.4199      98.90     0.2185      1.040    6.96117    35.1149    35.1046    27.7498    1472.56    1473.28 0.0000e+00
       2076     69.000     5.1171     5.1169   3.369225   3.368349     2.4166      98.91     0.2127      0.983    6.94699    35.1158    35.1058    27.7535    1472.48    1473.27 0.0000e+00
       2099     70.000     5.1069     5.1063   3.368341   3.367420     2.4129      98.90     0.2096      0.955    6.94254    35.1157    35.1057    27.7547    1472.46    1473.26 0.0000e+00
       2122     71.000     5.1037     5.1034   3.368095   3.367216     2.4105      98.90     0.2059      1.070    6.94968    35.1157    35.1059    27.7550    1472.46    1473.24 0.0000e+00
       2146     72.000     5.0788     5.0796   3.365726   3.364924     2.4090      98.91     0.2037      1.076    6.95253    35.1140    35.1038    27.7566    1472.37    1473.23 0.0000e+00
       2170     73.000     5.0421     5.0408   3.362593   3.361601     2.4070      98.91     0.1980      0.854    6.95161    35.1158    35.1057    27.7624    1472.24    1473.22 0.0000e+00
       2195     74.000     5.0423     5.0410   3.362657   3.361665     2.4052      98.91     0.1838      0.915    6.94207    35.1158    35.1056    27.7623    1472.26    1473.21 0.0000e+00
       2219     75.000     5.0416     5.0425   3.362591   3.361815     2.4028      98.91     0.1795      0.910    6.92525    35.1152    35.1053    27.7620    1472.27    1473.19 0.0000e+00
       2242     76.000     5.0278     5.0263   3.361362   3.360374     2.3997      98.91     0.1745      0.948    6.91572    35.1150    35.1051    27.7634    1472.23    1473.18 0.0000e+00
       2266     77.000     5.0055     5.0071   3.359422   3.358696     2.3968      98.91     0.1711      0.889    6.90777    35.1154    35.1053    27.7664    1472.16    1473.17 0.0000e+00
       2290     78.000     4.9990     4.9985   3.358884   3.357985     2.3938      98.91     0.1619      0.795    6.91093    35.1155    35.1056    27.7672    1472.15    1473.15 0.0000e+00
       2314     79.000     4.9958     4.9957   3.358629   3.357779     2.3923      98.91     0.1572      0.812    6.91376    35.1154    35.1056    27.7675    1472.15    1473.14 0.0000e+00
       2339     80.000     4.9926     4.9926   3.358374   3.357529     2.3907      98.91     0.1571      0.851    6.91038    35.1153    35.1055    27.7677    1472.16    1473.13 0.0000e+00
       2363     81.000     4.9878     4.9875   3.357982   3.357102     2.3893      98.91     0.1556      0.783    6.90683    35.1152    35.1053    27.7683    1472.15    1473.12 0.0000e+00
       2387     82.000     4.9714     4.9711   3.356436   3.355558     2.3876      98.91     0.1501      0.820    6.90290    35.1141    35.1042    27.7693    1472.10    1473.10 0.0000e+00
       2411     83.000     4.9416     4.9413   3.353739   3.352851     2.3861      98.91     0.1518      0.743    6.90254    35.1136    35.1036    27.7724    1472.00    1473.09 0.0000e+00
       2436     84.000     4.9157     4.9152   3.351464   3.350556     2.3842      98.91     0.1467      0.797    6.90145    35.1140    35.1039    27.7757    1471.91    1473.08 0.0000e+00
       2460     85.000     4.8965     4.8965   3.349754   3.348904     2.3828      98.91     0.1371      0.672    6.90464    35.1138    35.1039    27.7778    1471.85    1473.06 0.0000e+00
       2484     86.000     4.8865     4.8862   3.348967   3.348077     2.3815      98.90     0.1252      0.626    6.90500    35.1147    35.1046    27.7796    1471.82    1473.05 0.0000e+00
       2508     87.000     4.8811     4.8807   3.348493   3.347608     2.3805      98.90     0.1129      0.654    6.90075    35.1143    35.1044    27.7800    1471.82    1473.03 0.0000e+00
