Physical_Data/CTD_Data/Example_Data/sta0476.cnv
* Sea-Bird SBE 9 Data File:
* FileName = C:\Seabird\CTDData\sta0476.hex
* Software Version Seasave V 7.21f
* Temperature SN = 4340
* Conductivity SN = 3012
* Number of Bytes Per Scan = 34
* Number of Voltage Words = 3
* Number of Scans Averaged by the Deck Unit = 1
* NMEA Latitude = 73 49.23 N
* NMEA Longitude = 007 30.18 E
* NMEA UTC (Time) = Jun 22 2016 07:38:07
* NMEA baud rate = 4800
** Ship: 10 F/F "G. O. Sars"
** Station: 0476
** Echodepth: 780
** Log: 7736.101
** Wind-Dir Force: 18 04
** Air-temp (dry): 7.7
** Weather Sky: 2 5
** Sea Ice: 2 0
** Par light: 451
# nquan = 17                                
# nvalues = 785                         
# units = specified
# name 0 = scan: Scan Count
# name 1 = prDM: Pressure, Digiquartz [db]
# name 2 = t068C: Temperature [ITS-68, deg C]
# name 3 = t168C: Temperature, 2 [ITS-68, deg C]
# name 4 = c0S/m: Conductivity [S/m]
# name 5 = c1S/m: Conductivity, 2 [S/m]
# name 6 = sbeox0V: Oxygen raw, SBE 43 [V]
# name 7 = altM: Altimeter [m]
# name 8 = flC: Fluorescence, Chelsea Aqua 3 Chl Con [ug/l]
# name 9 = seaTurbMtr: Turbidity, Seapoint [FTU]
# name 10 = sbeox0ML/L: Oxygen, SBE 43 [ml/l], WS = 2
# name 11 = sal00: Salinity, Practical [PSU]
# name 12 = sal11: Salinity, Practical, 2 [PSU]
# name 13 = sigma-t00: Density [sigma-t, Kg/m^3 ]
# name 14 = svCM: Sound Velocity [Chen-Millero, m/s]
# name 15 = avgsvCM: Average Sound Velocity [Chen-Millero, m/s], minP = 1, minS = 5
# name 16 = flag: flag
# span 0 =        440,      21109       
# span 1 =      3.000,    787.000       
# span 2 =    -0.3679,     6.0373       
# span 3 =    -0.3638,     6.0440       
# span 4 =   2.901237,   3.450268       
# span 5 =   2.904915,   3.449986       
# span 6 =     1.9464,     2.5586       
# span 7 =       7.21,      99.36       
# span 8 =     0.0084,     0.8536       
# span 9 =      0.166,      2.464       
# span 10 =    6.60829,    7.36758      
# span 11 =    34.9107,    35.1201      
# span 12 =    34.8979,    35.1106      
# span 13 =    27.6400,    28.0542      
# span 14 =    1457.52,    1475.08      
# span 15 =    1463.13,    1475.08      
# span 16 = 0.0000e+00, 0.0000e+00      
# interval = decibars: 1                
# start_time = Jun 22 2016 07:38:09 [System UTC, header]
# bad_flag = -9.990e-29
*END*
[from data line 426]
      10690    429.000     0.4012     0.4009   2.951602   2.950955     2.0853      98.92     0.0243      0.199    6.87561    34.9167    34.9086    28.0164    1457.86    1466.98 0.0000e+00
      10717    430.000     0.3997     0.4002   2.951517   2.950954     2.0841      98.93     0.0200      0.198    6.87320    34.9167    34.9088    28.0165    1457.87    1466.96 0.0000e+00
      10742    431.000     0.3961     0.3958   2.951241   2.950593     2.0830      98.92     0.0175      0.214    6.87171    34.9166    34.9084    28.0166    1457.87    1466.94 0.0000e+00
      10765    432.000     0.3909     0.3909   2.950853   2.950243     2.0822      98.92     0.0157      1.208    6.87890    34.9168    34.9088    28.0171    1457.86    1466.92 0.0000e+00
      10788    433.000     0.3864     0.3864   2.950471   2.949859     2.0819      98.93     0.0163      0.207    6.88171    34.9162    34.9082    28.0169    1457.86    1466.90 0.0000e+00
      10812    434.000     0.3694     0.3702   2.949020   2.948481     2.0812      98.92     0.0145      0.259    6.87550    34.9158    34.9079    28.0176    1457.79    1466.88 0.0000e+00
      10838    435.000     0.3654     0.3655   2.948754   2.948144     2.0804      98.93     0.0156      0.294    6.87089    34.9163    34.9082    28.0182    1457.79    1466.86 0.0000e+00
      10862    436.000     0.3612     0.3618   2.948424   2.947850     2.0792      98.92     0.0149      0.197    6.86477    34.9161    34.9079    28.0183    1457.79    1466.84 0.0000e+00
      10886    437.000     0.3566     0.3564   2.948081   2.947456     2.0784      98.92     0.0134      0.198    6.87061    34.9162    34.9083    28.0186    1457.79    1466.82 0.0000e+00
      10909    438.000     0.3528     0.3529   2.947816   2.947211     2.0777      98.92     0.0139      0.213    6.86912    34.9164    34.9084    28.0191    1457.79    1466.80 0.0000e+00
      10933    439.000     0.3489     0.3491   2.947508   2.946915     2.0771      98.92     0.0153      0.206    6.87486    34.9162    34.9082    28.0191    1457.78    1466.77 0.0000e+00
      10958    440.000     0.3474     0.3475   2.947432   2.946828     2.0770      98.92     0.0152      0.194    6.87447    34.9163    34.9083    28.0193    1457.79    1466.75 0.0000e+00
      10983    441.000     0.3443     0.3444   2.947202   2.946599     2.0764      98.92     0.0178      0.325    6.87943    34.9162    34.9082    28.0194    1457.80    1466.73 0.0000e+00
      11008    442.000     0.3396     0.3396   2.946831   2.946215     2.0767      98.92     0.0190      0.243    6.89134    34.9161    34.9080    28.0195    1457.79    1466.71 0.0000e+00
      11033    443.000     0.3379     0.3381   2.946752   2.946154     2.0771      98.92     0.0170      0.209    6.89047    34.9164    34.9083    28.0199    1457.80    1466.69 0.0000e+00
      11058    444.000     0.3356     0.3358   2.946589   2.945997     2.0770      98.92     0.0184      0.204    6.88532    34.9162    34.9082    28.0199    1457.80    1466.67 0.0000e+00
      11082    445.000     0.3350     0.3344   2.946594   2.945920     2.0768      98.92     0.0159      0.193    6.88380    34.9164    34.9082    28.0200    1457.82    1466.65 0.0000e+00
      11107    446.000     0.3304     0.3300   2.946237   2.945587     2.0765      98.92     0.0139      0.191    6.88510    34.9163    34.9082    28.0202    1457.81    1466.63 0.0000e+00
      11131    447.000     0.3273     0.3258   2.945977   2.945238     2.0766      98.92     0.0176      0.199    6.89848    34.9158    34.9078    28.0200    1457.82    1466.61 0.0000e+00
      11155    448.000     0.3136     0.3113   2.944799   2.943985     2.0770      98.92     0.0163      0.200    6.89888    34.9152    34.9072    28.0204    1457.77    1466.59 0.0000e+00
      11180    449.000     0.3096     0.3099   2.944539   2.943942     2.0769      98.92     0.0192      0.193    6.89569    34.9158    34.9076    28.0210    1457.77    1466.57 0.0000e+00
      11204    450.000     0.3045     0.3052   2.944159   2.943593     2.0768      98.92     0.0172      0.201    6.89964    34.9159    34.9077    28.0215    1457.76    1466.55 0.0000e+00
      11227    451.000     0.2973     0.2972   2.943546   2.942921     2.0769      98.93     0.0177      0.255    6.89798    34.9154    34.9073    28.0215    1457.74    1466.53 0.0000e+00
      11250    452.000     0.2927     0.2926   2.943200   2.942569     2.0764      98.93     0.0163      0.213    6.89504    34.9155    34.9073    28.0218    1457.74    1466.51 0.0000e+00
      11274    453.000     0.2867     0.2864   2.942732   2.942080     2.0764      98.92     0.0183      0.198    6.90638    34.9155    34.9073    28.0222    1457.73    1466.50 0.0000e+00
      11298    454.000     0.2843     0.2844   2.942587   2.941970     2.0767      98.93     0.0166      0.203    6.90205    34.9158    34.9076    28.0225    1457.73    1466.48 0.0000e+00
      11322    455.000     0.2841     0.2844   2.942614   2.942009     2.0760      98.92     0.0163      0.203    6.89924    34.9158    34.9075    28.0225    1457.75    1466.46 0.0000e+00
      11346    456.000     0.2838     0.2841   2.942635   2.942041     2.0760      98.92     0.0193      0.198    6.90586    34.9158    34.9076    28.0225    1457.76    1466.44 0.0000e+00
      11372    457.000     0.2768     0.2767   2.942011   2.941393     2.0760      98.92     0.0160      0.197    6.90854    34.9149    34.9069    28.0222    1457.75    1466.42 0.0000e+00
      11397    458.000     0.2653     0.2665   2.941079   2.940580     2.0762      98.92     0.0164      0.198    6.91291    34.9151    34.9072    28.0230    1457.71    1466.40 0.0000e+00
      11421    459.000     0.2528     0.2546   2.940006   2.939533     2.0762      98.92     0.0182      0.195    6.91475    34.9145    34.9063    28.0233    1457.67    1466.38 0.0000e+00
      11444    460.000     0.2544     0.2512   2.940236   2.939339     2.0761      98.93     0.0206      0.189    6.91050    34.9151    34.9070    28.0237    1457.70    1466.36 0.0000e+00
      11468    461.000     0.2512     0.2518   2.939967   2.939401     2.0757      98.92     0.0234      0.195    6.90331    34.9146    34.9065    28.0235    1457.70    1466.34 0.0000e+00
      11492    462.000     0.2486     0.2486   2.939809   2.939195     2.0749      98.92     0.0205      0.190    6.89399    34.9149    34.9068    28.0238    1457.70    1466.32 0.0000e+00
      11516    463.000     0.2456     0.2446   2.939504   2.938813     2.0738      98.92     0.0161      0.188    6.89159    34.9137    34.9057    28.0230    1457.70    1466.30 0.0000e+00
      11539    464.000     0.2175     0.2181   2.937112   2.936540     2.0730      98.92     0.0149      0.190    6.88334    34.9134    34.9052    28.0244    1457.59    1466.29 0.0000e+00
      11564    465.000     0.2100     0.2086   2.936544   2.935774     2.0711      63.85     0.0149      0.247    6.89017    34.9139    34.9053    28.0252    1457.57    1466.27 0.0000e+00
      11588    466.000     0.2049     0.2039   2.936129   2.935423     2.0709      98.89     0.0169      0.188    6.88864    34.9136    34.9054    28.0253    1457.57    1466.25 0.0000e+00
      11614    467.000     0.2033     0.2034   2.936061   2.935444     2.0692      98.92     0.0153      0.196    6.86748    34.9139    34.9057    28.0256    1457.57    1466.23 0.0000e+00
      11639    468.000     0.2027     0.2031   2.936055   2.935456     2.0673      98.92     0.0167      0.192    6.85959    34.9139    34.9056    28.0256    1457.59    1466.21 0.0000e+00
      11662    469.000     0.2040     0.2045   2.936201   2.935624     2.0656      98.91     0.0181      0.196    6.85138    34.9138    34.9056    28.0255    1457.61    1466.19 0.0000e+00
      11685    470.000     0.2034     0.2034   2.936191   2.935578     2.0639      98.91     0.0183      0.201    6.85238    34.9137    34.9057    28.0254    1457.62    1466.17 0.0000e+00
      11708    471.000     0.2010     0.2012   2.936040   2.935437     2.0627      98.92     0.0180      0.191    6.84840    34.9139    34.9057    28.0257    1457.63    1466.16 0.0000e+00
      11732    472.000     0.1983     0.1986   2.935845   2.935241     2.0611      98.92     0.0158      0.188    6.84639    34.9138    34.9055    28.0258    1457.63    1466.14 0.0000e+00
      11757    473.000     0.1953     0.1954   2.935624   2.935007     2.0601      98.92     0.0149      0.187    6.84817    34.9136    34.9054    28.0258    1457.64    1466.12 0.0000e+00
      11782    474.000     0.1895     0.1899   2.935174   2.934579     2.0589      98.92     0.0147      0.231    6.84493    34.9137    34.9054    28.0262    1457.63    1466.10 0.0000e+00
      11805    475.000     0.1835     0.1834   2.934696   2.934061     2.0581      98.92     0.0149      0.184    6.85091    34.9136    34.9054    28.0265    1457.61    1466.08 0.0000e+00
      11828    476.000     0.1812     0.1807   2.934543   2.933867     2.0577      98.92     0.0143      0.237    6.85703    34.9136    34.9053    28.0266    1457.62    1466.07 0.0000e+00
      11852    477.000     0.1790     0.1790   2.934400   2.933772     2.0574      98.92     0.0150      0.186    6.85064    34.9136    34.9053    28.0267    1457.63    1466.05 0.0000e+00
      11877    478.000     0.1761     0.1769   2.934170   2.933627     2.0563      89.84     0.0169      0.193    6.83912    34.9133    34.9052    28.0266    1457.63    1466.03 0.0000e+00
      11902    479.000     0.1730     0.1734   2.933964   2.933363     2.0557      80.02     0.0154      0.308    6.86416    34.9135    34.9051    28.0270    1457.63    1466.01 0.0000e+00
      11927    480.000     0.1695     0.1698   2.933698   2.933107     2.0561      98.99     0.0162      0.217    6.86384    34.9133    34.9052    28.0271    1457.63    1466.00 0.0000e+00
      11950    481.000     0.1671     0.1674   2.933540   2.932937     2.0564      98.92     0.0176      0.192    6.87015    34.9134    34.9051    28.0272    1457.64    1465.98 0.0000e+00
      11973    482.000     0.1660     0.1664   2.933516   2.932909     2.0564      98.93     0.0170      0.202    6.86641    34.9137    34.9053    28.0276    1457.65    1465.96 0.0000e+00
      11995    483.000     0.1636     0.1635   2.933320   2.932691     2.0564      98.92     0.0177      0.192    6.86780    34.9133    34.9051    28.0273    1457.65    1465.94 0.0000e+00
      12020    484.000     0.1593     0.1595   2.932995   2.932385     2.0564      98.92     0.0173      0.188    6.86501    34.9133    34.9050    28.0276    1457.65    1465.93 0.0000e+00
      12046    485.000     0.1484     0.1480   2.932044   2.931397     2.0558      98.92     0.0164      0.303    6.85411    34.9125    34.9044    28.0275    1457.62    1465.91 0.0000e+00
      12072    486.000     0.1404     0.1406   2.931436   2.930821     2.0550      98.92     0.0138      0.194    6.85132    34.9129    34.9046    28.0284    1457.60    1465.89 0.0000e+00
      12095    487.000     0.1323     0.1320   2.930738   2.930090     2.0540      98.92     0.0133      0.187    6.84613    34.9123    34.9041    28.0283    1457.58    1465.87 0.0000e+00
      12118    488.000     0.1279     0.1281   2.930443   2.929831     2.0529      98.92     0.0139      0.873    6.84082    34.9128    34.9045    28.0290    1457.57    1465.86 0.0000e+00
      12141    489.000     0.1250     0.1251   2.930216   2.929584     2.0519      98.92     0.0154      0.223    6.84713    34.9125    34.9041    28.0289    1457.57    1465.84 0.0000e+00
      12166    490.000     0.1223     0.1224   2.930030   2.929410     2.0516      98.91     0.0147      0.183    6.85878    34.9125    34.9043    28.0290    1457.58    1465.82 0.0000e+00
      12191    491.000     0.1173     0.1171   2.929614   2.928965     2.0516      98.92     0.0164      0.185    6.86012    34.9121    34.9038    28.0290    1457.57    1465.81 0.0000e+00
      12214    492.000     0.1063     0.1062   2.928718   2.928090     2.0511      83.41     0.0176      0.187    6.85669    34.9122    34.9040    28.0296    1457.54    1465.79 0.0000e+00
      12236    493.000     0.1014     0.1013   2.928351   2.927715     2.0514      89.22     0.0192      0.187    6.87707    34.9123    34.9040    28.0300    1457.53    1465.77 0.0000e+00
      12260    494.000     0.0979     0.0978   2.928093   2.927524     2.0517      98.68     0.0172      0.183    6.87051    34.9123    34.9049    28.0302    1457.53    1465.76 0.0000e+00
      12285    495.000     0.0945     0.0949   2.927840   2.927690     2.0516      98.91     0.0172      0.194    6.86415    34.9122    34.9098    28.0303    1457.53    1465.74 0.0000e+00
      12310    496.000     0.0898     0.0967   2.927475   2.928039     2.0509      98.91     0.0160      0.204    6.86408    34.9121    34.9117    28.0305    1457.53    1465.72 0.0000e+00
      12333    497.000     0.0878     0.1016   2.927357   2.928242     2.0511      98.91     0.0156      0.181    6.86673    34.9122    34.9083    28.0307    1457.54    1465.71 0.0000e+00
      12356    498.000     0.0872     0.1041   2.927359   2.928391     2.0504      98.91     0.0162      0.182    6.86238    34.9123    34.9068    28.0308    1457.55    1465.69 0.0000e+00
      12378    499.000     0.0853     0.1062   2.927216   2.928515     2.0504      98.91     0.0166      0.180    6.86467    34.9120    34.9055    28.0306    1457.56    1465.67 0.0000e+00
      12401    500.000     0.0808     0.1072   2.926872   2.928668     2.0497      98.91     0.0176      0.185    6.85767    34.9120    34.9057    28.0309    1457.55    1465.66 0.0000e+00
      12427    501.000     0.0723     0.1087   2.926177   2.928832     2.0493      98.91     0.0164      0.184    6.86139    34.9118    34.9056    28.0312    1457.53    1465.64 0.0000e+00
      12453    502.000     0.0674     0.1105   2.925811   2.928970     2.0485      98.91     0.0171      0.186    6.85567    34.9120    34.9048    28.0316    1457.52    1465.62 0.0000e+00
      12478    503.000     0.0643     0.1111   2.925595   2.929086     2.0481      98.91     0.0147      0.180    6.86156    34.9120    34.9051    28.0318    1457.53    1465.61 0.0000e+00
      12501    504.000     0.0630     0.1114   2.925536   2.929193     2.0476      98.91     0.0136      0.188    6.85226    34.9121    34.9055    28.0320    1457.54    1465.59 0.0000e+00
      12523    505.000     0.0612     0.1125   2.925419   2.929366     2.0469      98.91     0.0144      0.184    6.85394    34.9120    34.9060    28.0320    1457.54    1465.58 0.0000e+00
      12546    506.000     0.0592     0.1140   2.925303   2.929566     2.0463      87.98     0.0167      0.189    6.85013    34.9122    34.9063    28.0322    1457.55    1465.56 0.0000e+00
      12569    507.000     0.0586     0.1160   2.925283   2.929735     2.0460      80.58     0.0127      0.183    6.87284    34.9120    34.9057    28.0321    1457.56    1465.54 0.0000e+00
      12593    508.000     0.0575     0.1174   2.925245   2.929834     2.0465      98.81     0.0146      0.183    6.86374    34.9122    34.9048    28.0323    1457.58    1465.53 0.0000e+00
      12618    509.000     0.0576     0.1178   2.925291   2.929881     2.0459      98.91     0.0169      0.183    6.85965    34.9121    34.9044    28.0322    1457.59    1465.51 0.0000e+00
      12642    510.000     0.0575     0.1180   2.925328   2.929893     2.0459      98.91     0.0175      0.217    6.86340    34.9121    34.9037    28.0322    1457.61    1465.50 0.0000e+00
      12665    511.000     0.0566     0.1173   2.925296   2.929857     2.0456      98.91     0.0171      0.185    6.86046    34.9121    34.9034    28.0323    1457.62    1465.48 0.0000e+00
      12688    512.000     0.0560     0.1167   2.925285   2.929791     2.0454      98.91     0.0149      0.182    6.86085    34.9120    34.9027    28.0322    1457.64    1465.47 0.0000e+00
