Physical_Data/CTD_Data/Example_Data/sta0478.cnv
* Sea-Bird SBE 9 Data File:
* FileName = C:\Seabird\CTDData\sta0478.hex
* Software Version Seasave V 7.21f
* Temperature SN = 4340
* Conductivity SN = 3012
* Number of Bytes Per Scan = 34
* Number of Voltage Words = 3
* Number of Scans Averaged by the Deck Unit = 1
* NMEA Latitude = 73 50.81 N
* NMEA Longitude = 007 35.55 E
* NMEA UTC (Time) = Jun 23 2016 07:20:16
* NMEA baud rate = 4800
** Ship: 10 F/F "G. O. Sars"
** Station: 0478
** Echodepth: 1075
** Log: 7760..039
** Wind-Dir Force: 21 16
** Air-temp (dry): 6.4
** Weather Sky: 2 5
** Sea Ice: 2 0
** Par light: 451
# nquan = 17                                
# nvalues = 1088                        
# units = specified
# name 0 = scan: Scan Count
# name 1 = prDM: Pressure, Digiquartz [db]
# name 2 = t068C: Temperature [ITS-68, deg C]
# name 3 = t168C: Temperature, 2 [ITS-68, deg C]
# name 4 = c0S/m: Conductivity [S/m]
# name 5 = c1S/m: Conductivity, 2 [S/m]
# name 6 = sbeox0V: Oxygen raw, SBE 43 [V]
# name 7 = altM: Altimeter [m]
# name 8 = flC: Fluorescence, Chelsea Aqua 3 Chl Con [ug/l]
# name 9 = seaTurbMtr: Turbidity, Seapoint [FTU]
# name 10 = sbeox0ML/L: Oxygen, SBE 43 [ml/l], WS = 2
# name 11 = sal00: Salinity, Practical [PSU]
# name 12 = sal11: Salinity, Practical, 2 [PSU]
# name 13 = sigma-t00: Density [sigma-t, Kg/m^3 ]
# name 14 = svCM: Sound Velocity [Chen-Millero, m/s]
# name 15 = avgsvCM: Average Sound Velocity [Chen-Millero, m/s], minP = 1, minS = 5
# name 16 = flag: flag
# span 0 =        -83,      29086       
# span 1 =      2.000,   1089.000       
# span 2 =    -0.5168,     6.8000       
# span 3 =    -0.5152,     6.8014       
# span 4 =   2.900238,   3.521482       
# span 5 =   2.901612,   3.520942       
# span 6 =     1.8819,     2.5944       
# span 7 =      24.93,      99.29       
# span 8 =     0.0066,     1.5504       
# span 9 =      0.164,      4.719       
# span 10 =    6.55839,    7.28421      
# span 11 =    34.9106,    35.1298      
# span 12 =    34.8962,    35.1233      
# span 13 =    27.5464,    28.0608      
# span 14 =    1458.45,    1478.12      
# span 15 =    1463.98,    1478.05      
# span 16 = 0.0000e+00, 0.0000e+00      
# interval = decibars: 1                
# start_time = Jun 23 2016 07:20:19 [System UTC, header]
# bad_flag = -9.990e-29
*END*
[from data line 171]
       5000    173.000     4.4143     4.4143   3.310420   3.309759     2.2619      98.91     0.0098      0.309    6.63049    35.1170    35.1093    27.8348    1471.32    1472.62 0.0000e+00
       5024    174.000     4.4110     4.4104   3.310169   3.309431     2.2620      98.91     0.0089      0.323    6.63200    35.1171    35.1090    27.8352    1471.32    1472.61 0.0000e+00
       5048    175.000     4.4079     4.4079   3.309913   3.309245     2.2617      98.91     0.0117      0.393    6.62415    35.1168    35.1089    27.8354    1471.32    1472.60 0.0000e+00
       5072    176.000     4.4039     4.4040   3.309575   3.308902     2.2610      98.91     0.0102      0.391    6.61836    35.1165    35.1085    27.8356    1471.32    1472.60 0.0000e+00
       5098    177.000     4.3994     4.3993   3.309188   3.308507     2.2595      98.91     0.0135      0.398    6.61254    35.1162    35.1083    27.8358    1471.32    1472.59 0.0000e+00
       5124    178.000     4.3992     4.3991   3.309226   3.308550     2.2589      98.91     0.0109      0.319    6.62470    35.1163    35.1085    27.8360    1471.34    1472.58 0.0000e+00
       5147    179.000     4.3903     4.3896   3.308345   3.307594     2.2590      98.91     0.0141      0.310    6.62971    35.1149    35.1068    27.8358    1471.31    1472.58 0.0000e+00
       5170    180.000     4.3737     4.3740   3.306868   3.306227     2.2590      98.90     0.0143      0.312    6.63075    35.1146    35.1067    27.8374    1471.26    1472.57 0.0000e+00
       5192    181.000     4.3717     4.3715   3.306722   3.306028     2.2588      98.91     0.0163      0.321    6.63235    35.1145    35.1065    27.8375    1471.27    1472.56 0.0000e+00
       5215    182.000     4.3648     4.3645   3.306093   3.305403     2.2588      98.91     0.0133      0.314    6.63579    35.1139    35.1061    27.8378    1471.26    1472.55 0.0000e+00
       5238    183.000     4.3635     4.3636   3.306030   3.305388     2.2589      98.91     0.0146      0.311    6.63504    35.1140    35.1063    27.8380    1471.27    1472.55 0.0000e+00
       5261    184.000     4.3585     4.3586   3.305583   3.304914     2.2585      98.91     0.0159      0.321    6.62801    35.1135    35.1055    27.8381    1471.26    1472.54 0.0000e+00
       5287    185.000     4.3453     4.3452   3.304392   3.303694     2.2578      98.91     0.0152      0.343    6.63264    35.1129    35.1048    27.8392    1471.22    1472.53 0.0000e+00
       5314    186.000     4.3341     4.3341   3.303364   3.302698     2.2576      98.91     0.0178      0.348    6.63525    35.1122    35.1043    27.8398    1471.19    1472.53 0.0000e+00
       5339    187.000     4.3266     4.3267   3.302700   3.302043     2.2573      98.91     0.0177      0.307    6.64063    35.1118    35.1039    27.8403    1471.18    1472.52 0.0000e+00
       5363    188.000     4.3196     4.3194   3.302110   3.301413     2.2573      98.91     0.0140      0.309    6.63506    35.1118    35.1037    27.8410    1471.16    1472.51 0.0000e+00
       5387    189.000     4.3170     4.3169   3.301913   3.301226     2.2565      98.91     0.0162      0.304    6.63232    35.1117    35.1037    27.8412    1471.17    1472.50 0.0000e+00
       5410    190.000     4.3129     4.3128   3.301557   3.300878     2.2559      98.91     0.0191      0.318    6.63096    35.1113    35.1034    27.8414    1471.17    1472.50 0.0000e+00
       5433    191.000     4.3069     4.3068   3.301032   3.300354     2.2553      98.91     0.0154      0.330    6.63168    35.1109    35.1030    27.8418    1471.16    1472.49 0.0000e+00
       5456    192.000     4.2954     4.2956   3.299966   3.299319     2.2546      98.92     0.0100      0.452    6.63136    35.1101    35.1022    27.8423    1471.13    1472.48 0.0000e+00
       5481    193.000     4.2860     4.2864   3.299097   3.298465     2.2542      98.91     0.0128      0.326    6.63560    35.1093    35.1014    27.8427    1471.10    1472.48 0.0000e+00
       5506    194.000     4.2849     4.2849   3.299048   3.298376     2.2536      98.91     0.0132      0.329    6.63222    35.1093    35.1014    27.8429    1471.12    1472.47 0.0000e+00
       5532    195.000     4.2821     4.2824   3.298811   3.298174     2.2531      98.91     0.0119      0.354    6.63195    35.1090    35.1011    27.8429    1471.12    1472.46 0.0000e+00
       5557    196.000     4.2812     4.2811   3.298804   3.298136     2.2524      98.91     0.0104      0.310    6.62732    35.1093    35.1015    27.8432    1471.13    1472.46 0.0000e+00
       5580    197.000     4.2851     4.2858   3.299263   3.298646     2.2519      98.92     0.0111      0.310    6.63565    35.1100    35.1020    27.8434    1471.17    1472.45 0.0000e+00
       5604    198.000     4.2810     4.2810   3.298898   3.298225     2.2522      98.91     0.0118      0.315    6.63841    35.1095    35.1016    27.8435    1471.17    1472.44 0.0000e+00
       5628    199.000     4.2766     4.2761   3.298515   3.297787     2.2518      98.91     0.0119      0.349    6.63393    35.1092    35.1011    27.8436    1471.16    1472.44 0.0000e+00
       5652    200.000     4.2706     4.2703   3.298008   3.297320     2.2516      98.91     0.0131      0.335    6.63741    35.1090    35.1012    27.8442    1471.16    1472.43 0.0000e+00
       5677    201.000     4.2703     4.2703   3.298071   3.297402     2.2513      98.91     0.0137      0.329    6.63158    35.1095    35.1016    27.8446    1471.17    1472.42 0.0000e+00
       5701    202.000     4.2607     4.2605   3.297178   3.296478     2.2506      98.91     0.0120      0.321    6.63067    35.1087    35.1006    27.8450    1471.15    1472.42 0.0000e+00
       5725    203.000     4.2397     4.2411   3.295195   3.294633     2.2498      98.91     0.0110      0.313    6.63025    35.1071    35.0989    27.8460    1471.07    1472.41 0.0000e+00
       5750    204.000     4.2285     4.2282   3.294217   3.293505     2.2492      98.91     0.0113      0.307    6.63772    35.1069    35.0988    27.8471    1471.04    1472.40 0.0000e+00
       5774    205.000     4.2227     4.2225   3.293737   3.293036     2.2490      98.92     0.0126      0.401    6.64055    35.1069    35.0988    27.8477    1471.04    1472.40 0.0000e+00
       5798    206.000     4.2217     4.2217   3.293696   3.293012     2.2490      98.91     0.0165      0.320    6.64482    35.1069    35.0988    27.8478    1471.05    1472.39 0.0000e+00
       5819    207.000     4.2152     4.2155   3.293017   3.292362     2.2491      98.91     0.0204      0.333    6.64530    35.1053    35.0972    27.8472    1471.04    1472.38 0.0000e+00
       5841    208.000     4.1870     4.1864   3.290393   3.289631     2.2489      97.28     0.0185      0.307    6.63585    35.1037    35.0954    27.8490    1470.93    1472.38 0.0000e+00
       5867    209.000     4.1774     4.1776   3.289533   3.288864     2.2470      50.86     0.0180      0.309    6.63115    35.1033    35.0951    27.8497    1470.91    1472.37 0.0000e+00
       5895    210.000     4.1717     4.1717   3.289039   3.288353     2.2459      99.06     0.0178      0.313    6.63235    35.1029    35.0948    27.8500    1470.90    1472.36 0.0000e+00
       5921    211.000     4.1691     4.1692   3.288846   3.288162     2.2455      98.91     0.0173      0.301    6.64108    35.1029    35.0947    27.8503    1470.91    1472.36 0.0000e+00
       5944    212.000     4.1662     4.1658   3.288602   3.287890     2.2453      98.91     0.0145      0.308    6.64305    35.1026    35.0945    27.8503    1470.91    1472.35 0.0000e+00
       5966    213.000     4.1582     4.1579   3.287915   3.287210     2.2451      98.91     0.0153      0.333    6.63876    35.1024    35.0944    27.8510    1470.89    1472.34 0.0000e+00
       5989    214.000     4.1548     4.1547   3.287647   3.286959     2.2445      98.91     0.0153      0.303    6.63932    35.1023    35.0943    27.8513    1470.90    1472.34 0.0000e+00
       6014    215.000     4.1526     4.1524   3.287494   3.286806     2.2442      98.91     0.0157      0.338    6.64152    35.1023    35.0944    27.8516    1470.90    1472.33 0.0000e+00
       6038    216.000     4.1495     4.1495   3.287247   3.286566     2.2437      98.92     0.0155      0.311    6.62921    35.1022    35.0941    27.8518    1470.91    1472.32 0.0000e+00
       6063    217.000     4.1373     4.1376   3.286131   3.285468     2.2421      98.92     0.0146      0.304    6.62101    35.1014    35.0932    27.8525    1470.87    1472.32 0.0000e+00
       6087    218.000     4.1250     4.1249   3.285034   3.284338     2.2406      98.91     0.0151      0.322    6.62065    35.1010    35.0928    27.8535    1470.84    1472.31 0.0000e+00
       6111    219.000     4.1216     4.1216   3.284759   3.284069     2.2396      98.91     0.0158      0.291    6.62888    35.1008    35.0926    27.8537    1470.84    1472.30 0.0000e+00
       6136    220.000     4.1075     4.1081   3.283424   3.282767     2.2394      98.91     0.0155      0.291    6.63814    35.0995    35.0911    27.8541    1470.80    1472.30 0.0000e+00
       6162    221.000     4.0934     4.0935   3.282097   3.281414     2.2392      98.91     0.0139      0.299    6.64013    35.0983    35.0900    27.8546    1470.75    1472.29 0.0000e+00
       6187    222.000     4.0667     4.0672   3.279516   3.278850     2.2395      98.91     0.0115      0.290    6.65381    35.0956    35.0871    27.8554    1470.65    1472.28 0.0000e+00
       6211    223.000     4.0478     4.0474   3.277809   3.277084     2.2397      98.91     0.0113      0.283    6.65398    35.0950    35.0868    27.8569    1470.59    1472.27 0.0000e+00
       6234    224.000     4.0339     4.0341   3.276467   3.275780     2.2396      98.91     0.0125      0.297    6.65170    35.0933    35.0850    27.8570    1470.55    1472.27 0.0000e+00
       6260    225.000     4.0129     4.0128   3.274498   3.273782     2.2389      98.91     0.0120      0.300    6.64439    35.0918    35.0834    27.8581    1470.47    1472.26 0.0000e+00
       6286    226.000     3.9992     3.9992   3.273234   3.272520     2.2373      98.92     0.0123      0.271    6.62791    35.0909    35.0824    27.8588    1470.43    1472.25 0.0000e+00
       6309    227.000     3.9841     3.9840   3.271854   3.271154     2.2350      98.91     0.0121      0.304    6.61822    35.0901    35.0819    27.8597    1470.38    1472.24 0.0000e+00
       6332    228.000     3.9744     3.9746   3.270937   3.270251     2.2327      98.92     0.0145      0.280    6.62117    35.0890    35.0806    27.8599    1470.36    1472.23 0.0000e+00
       6354    229.000     3.9633     3.9634   3.269938   3.269251     2.2321      98.92     0.0196      0.297    6.63553    35.0884    35.0802    27.8606    1470.33    1472.22 0.0000e+00
       6380    230.000     3.9518     3.9514   3.268875   3.268136     2.2314      98.91     0.0166      0.270    6.64143    35.0875    35.0792    27.8611    1470.30    1472.22 0.0000e+00
       6408    231.000     3.9416     3.9424   3.267960   3.267361     2.2316      98.91     0.0147      0.280    6.65036    35.0870    35.0790    27.8617    1470.27    1472.21 0.0000e+00
       6434    232.000     3.9266     3.9273   3.266520   3.265885     2.2313      98.92     0.0134      0.288    6.64276    35.0854    35.0770    27.8620    1470.22    1472.20 0.0000e+00
       6457    233.000     3.9015     3.9010   3.264173   3.263422     2.2308      98.91     0.0125      0.297    6.64098    35.0837    35.0753    27.8633    1470.13    1472.19 0.0000e+00
       6480    234.000     3.8901     3.8902   3.263151   3.262457     2.2293      98.91     0.0090      0.267    6.63080    35.0832    35.0748    27.8640    1470.10    1472.18 0.0000e+00
       6503    235.000     3.8658     3.8654   3.260775   3.260037     2.2283      98.92     0.0100      0.270    6.63393    35.0803    35.0719    27.8643    1470.01    1472.17 0.0000e+00
       6529    236.000     3.8478     3.8447   3.259142   3.258127     2.2266      77.35     0.0115      0.300    6.64367    35.0796    35.0708    27.8655    1469.95    1472.16 0.0000e+00
       6554    237.000     3.8385     3.8371   3.258260   3.257442     2.2268      99.03     0.0144      0.260    6.64357    35.0784    35.0702    27.8656    1469.93    1472.15 0.0000e+00
       6578    238.000     3.8261     3.8283   3.257054   3.256580     2.2256      98.92     0.0117      0.287    6.63826    35.0768    35.0688    27.8655    1469.89    1472.14 0.0000e+00
       6602    239.000     3.8185     3.8191   3.256403   3.255777     2.2247      98.91     0.0096      0.306    6.63205    35.0766    35.0685    27.8662    1469.87    1472.13 0.0000e+00
       6626    240.000     3.8050     3.8036   3.255043   3.254233     2.2230      98.91     0.0090      0.355    6.62402    35.0743    35.0661    27.8657    1469.83    1472.12 0.0000e+00
       6652    241.000     3.7805     3.7800   3.252682   3.251932     2.2214      98.91     0.0119      0.277    6.63101    35.0718    35.0633    27.8662    1469.74    1472.11 0.0000e+00
       6678    242.000     3.7572     3.7577   3.250516   3.249866     2.2205      98.91     0.0170      0.276    6.63829    35.0703    35.0620    27.8674    1469.66    1472.10 0.0000e+00
       6702    243.000     3.7362     3.7363   3.248542   3.247847     2.2200      98.91     0.0159      0.319    6.64434    35.0686    35.0602    27.8683    1469.58    1472.09 0.0000e+00
       6725    244.000     3.7067     3.7064   3.245713   3.244997     2.2195      98.91     0.0142      0.294    6.64250    35.0659    35.0576    27.8691    1469.47    1472.08 0.0000e+00
       6746    245.000     3.6864     3.6861   3.243893   3.243181     2.2185      98.91     0.0153      0.278    6.64090    35.0653    35.0571    27.8707    1469.40    1472.07 0.0000e+00
       6768    246.000     3.6684     3.6680   3.242233   3.241510     2.2175      98.91     0.0130      0.270    6.63672    35.0642    35.0559    27.8716    1469.34    1472.06 0.0000e+00
       6792    247.000     3.6607     3.6604   3.241570   3.240855     2.2159      98.91     0.0133      0.300    6.63332    35.0639    35.0557    27.8722    1469.33    1472.05 0.0000e+00
       6818    248.000     3.6348     3.6344   3.239141   3.238401     2.2148      98.91     0.0132      0.282    6.64169    35.0621    35.0536    27.8733    1469.23    1472.04 0.0000e+00
       6844    249.000     3.6193     3.6181   3.237763   3.236976     2.2144      95.15     0.0164      0.295    6.65449    35.0616    35.0535    27.8745    1469.18    1472.03 0.0000e+00
       6868    250.000     3.6033     3.6034   3.236313   3.235635     2.2145      94.93     0.0140      0.267    6.66323    35.0609    35.0526    27.8755    1469.13    1472.02 0.0000e+00
       6891    251.000     3.5949     3.5958   3.235584   3.234994     2.2146      98.91     0.0102      0.271    6.65446    35.0606    35.0525    27.8761    1469.11    1472.00 0.0000e+00
       6914    252.000     3.5893     3.5890   3.235076   3.234353     2.2139      98.91     0.0094      0.270    6.65460    35.0600    35.0516    27.8762    1469.10    1471.99 0.0000e+00
       6937    253.000     3.5585     3.5577   3.232210   3.231485     2.2135      98.92     0.0133      0.331    6.65610    35.0581    35.0502    27.8778    1468.99    1471.98 0.0000e+00
       6960    254.000     3.5294     3.5289   3.229553   3.228825     2.2127      98.92     0.0164      0.272    6.65500    35.0569    35.0486    27.8797    1468.88    1471.97 0.0000e+00
       6984    255.000     3.5172     3.5170   3.228498   3.227818     2.2114      98.91     0.0157      0.272    6.64599    35.0567    35.0488    27.8808    1468.84    1471.96 0.0000e+00
       7008    256.000     3.5127     3.5130   3.228092   3.227455     2.2102      98.91     0.0128      0.268    6.65542    35.0561    35.0481    27.8808    1468.84    1471.94 0.0000e+00
