Physical_Data/CTD_Data/Example_Data/sta0475.cnv
* Sea-Bird SBE 9 Data File:
* FileName = C:\Seabird\CTDData\sta0475.hex
* Software Version Seasave V 7.21f
* Temperature SN = 4340
* Conductivity SN = 3012
* Number of Bytes Per Scan = 34
* Number of Voltage Words = 3
* Number of Scans Averaged by the Deck Unit = 1
* NMEA Latitude = 73 48.96 N
* NMEA Longitude = 007 31.44 E
* NMEA UTC (Time) = Jun 22 2016 06:37:00
* NMEA baud rate = 4800
** Ship: 10 F/F "G. O. Sars"
** Station: 0475
** Echodepth: 666
** Log: 7735.142
** Wind-Dir Force: 16 03
** Air-temp (dry): 4.7
** Weather Sky: 2 5
** Sea Ice: 2 0
** Par light: 451
# nquan = 17                                
# nvalues = 672                         
# units = specified
# name 0 = scan: Scan Count
# name 1 = prDM: Pressure, Digiquartz [db]
# name 2 = t068C: Temperature [ITS-68, deg C]
# name 3 = t168C: Temperature, 2 [ITS-68, deg C]
# name 4 = c0S/m: Conductivity [S/m]
# name 5 = c1S/m: Conductivity, 2 [S/m]
# name 6 = sbeox0V: Oxygen raw, SBE 43 [V]
# name 7 = altM: Altimeter [m]
# name 8 = flC: Fluorescence, Chelsea Aqua 3 Chl Con [ug/l]
# name 9 = seaTurbMtr: Turbidity, Seapoint [FTU]
# name 10 = sbeox0ML/L: Oxygen, SBE 43 [ml/l], WS = 2
# name 11 = sal00: Salinity, Practical [PSU]
# name 12 = sal11: Salinity, Practical, 2 [PSU]
# name 13 = sigma-t00: Density [sigma-t, Kg/m^3 ]
# name 14 = svCM: Sound Velocity [Chen-Millero, m/s]
# name 15 = avgsvCM: Average Sound Velocity [Chen-Millero, m/s], minP = 1, minS = 5
# name 16 = flag: flag
# span 0 =        758,      19692       
# span 1 =      4.000,    675.000       
# span 2 =    -0.1934,     6.0439       
# span 3 =    -0.1922,     6.0457       
# span 4 =   2.910709,   3.451268       
# span 5 =   2.908569,   3.450801       
# span 6 =     1.9996,     2.5432       
# span 7 =       1.77,      99.36       
# span 8 =     0.0118,     0.8414       
# span 9 =      0.165,      5.816       
# span 10 =    6.62728,    9.56897      
# span 11 =    34.9102,    35.1227      
# span 12 =    34.8084,    35.1130      
# span 13 =    27.6418,    28.0462      
# span 14 =    1457.97,    1475.13      
# span 15 =    1464.21,    1475.13      
# span 16 = 0.0000e+00, 0.0000e+00      
# interval = decibars: 1                
# start_time = Jun 22 2016 06:37:03 [System UTC, header]
# bad_flag = -9.990e-29
*END*
[from data line 86]
       2857     90.000     4.9428     4.9423   3.354396   3.353563     2.3762      98.91     0.1191      0.739    6.88982    35.1162    35.1071    27.7743    1472.12    1473.12 0.0000e+00
       2881     91.000     4.9398     4.9393   3.354161   3.353343     2.3758      98.91     0.1196      0.730    6.88558    35.1161    35.1072    27.7746    1472.12    1473.11 0.0000e+00
       2906     92.000     4.9360     4.9357   3.353881   3.353070     2.3751      98.90     0.1159      0.969    6.88582    35.1164    35.1073    27.7752    1472.12    1473.10 0.0000e+00
       2930     93.000     4.9278     4.9278   3.353154   3.352356     2.3749      98.90     0.1152      0.729    6.88847    35.1160    35.1068    27.7759    1472.11    1473.09 0.0000e+00
       2954     94.000     4.9087     4.9085   3.351476   3.350661     2.3741      98.91     0.1096      0.721    6.87684    35.1161    35.1069    27.7782    1472.05    1473.08 0.0000e+00
       2977     95.000     4.9018     4.9015   3.350932   3.350121     2.3720      98.91     0.0978      0.669    6.86066    35.1166    35.1074    27.7793    1472.03    1473.07 0.0000e+00
       3001     96.000     4.8985     4.8983   3.350678   3.349869     2.3698      98.91     0.0969      0.776    6.85183    35.1166    35.1074    27.7797    1472.04    1473.06 0.0000e+00
       3025     97.000     4.8934     4.8932   3.350238   3.349437     2.3673      98.91     0.0981      0.921    6.84819    35.1163    35.1072    27.7801    1472.03    1473.05 0.0000e+00
       3050     98.000     4.8876     4.8873   3.349788   3.348984     2.3652      98.90     0.0963      0.620    6.84124    35.1166    35.1076    27.7811    1472.03    1473.03 0.0000e+00
       3075     99.000     4.8854     4.8850   3.349641   3.348831     2.3628      98.91     0.0973      0.594    6.83563    35.1167    35.1077    27.7814    1472.03    1473.02 0.0000e+00
       3099    100.000     4.8828     4.8825   3.349468   3.348663     2.3609      98.91     0.0966      0.606    6.83274    35.1169    35.1079    27.7818    1472.04    1473.01 0.0000e+00
       3122    101.000     4.8815     4.8813   3.349402   3.348599     2.3592      98.91     0.0958      0.646    6.82699    35.1170    35.1078    27.7820    1472.05    1473.01 0.0000e+00
       3145    102.000     4.8794     4.8792   3.349260   3.348461     2.3572      98.91     0.0962      0.606    6.81468    35.1170    35.1079    27.7823    1472.06    1473.00 0.0000e+00
       3169    103.000     4.8770     4.8768   3.349094   3.348293     2.3547      98.90     0.0950      0.623    6.80917    35.1171    35.1080    27.7826    1472.07    1472.99 0.0000e+00
       3193    104.000     4.8708     4.8705   3.348579   3.347757     2.3529      98.90     0.0913      0.761    6.81435    35.1171    35.1078    27.7834    1472.06    1472.98 0.0000e+00
       3219    105.000     4.8659     4.8658   3.348213   3.347407     2.3516      98.90     0.0918      0.695    6.81089    35.1175    35.1082    27.7842    1472.05    1472.97 0.0000e+00
       3244    106.000     4.8555     4.8558   3.347241   3.346472     2.3500      98.91     0.0899      0.697    6.80877    35.1166    35.1073    27.7847    1472.03    1472.96 0.0000e+00
       3267    107.000     4.8379     4.8377   3.345715   3.344901     2.3489      98.91     0.0926      1.147    6.80951    35.1169    35.1076    27.7870    1471.97    1472.95 0.0000e+00
       3290    108.000     4.8333     4.8330   3.345368   3.344548     2.3475      98.90     0.0877      0.885    6.80445    35.1172    35.1079    27.7877    1471.97    1472.94 0.0000e+00
       3314    109.000     4.8297     4.8294   3.345148   3.344336     2.3463      98.91     0.0831      0.554    6.80571    35.1179    35.1087    27.7887    1471.97    1472.93 0.0000e+00
       3337    110.000     4.8257     4.8255   3.344886   3.344073     2.3455      98.91     0.0789      0.551    6.80585    35.1185    35.1092    27.7897    1471.97    1472.92 0.0000e+00
       3360    111.000     4.8140     4.8138   3.343827   3.343025     2.3445      98.91     0.0780      0.564    6.80638    35.1180    35.1089    27.7906    1471.94    1472.92 0.0000e+00
       3384    112.000     4.8037     4.8037   3.342908   3.342110     2.3437      98.91     0.0787      0.572    6.79252    35.1176    35.1083    27.7915    1471.91    1472.91 0.0000e+00
       3409    113.000     4.7958     4.7956   3.342215   3.341391     2.3406      98.91     0.0738      0.618    6.76263    35.1174    35.1080    27.7922    1471.90    1472.90 0.0000e+00
       3435    114.000     4.7879     4.7878   3.341530   3.340735     2.3363      98.91     0.0733      0.520    6.74506    35.1172    35.1080    27.7930    1471.88    1472.89 0.0000e+00
       3460    115.000     4.7758     4.7755   3.340422   3.339590     2.3327      98.91     0.0737      0.505    6.74383    35.1165    35.1071    27.7938    1471.85    1472.88 0.0000e+00
       3483    116.000     4.7596     4.7597   3.338984   3.338189     2.3300      98.91     0.0690      0.575    6.75236    35.1164    35.1070    27.7955    1471.80    1472.87 0.0000e+00
       3505    117.000     4.7409     4.7408   3.337357   3.336542     2.3289      98.91     0.0634      0.522    6.76386    35.1166    35.1072    27.7979    1471.74    1472.86 0.0000e+00
       3529    118.000     4.7356     4.7353   3.336969   3.336151     2.3280      98.91     0.0618      0.506    6.76176    35.1171    35.1079    27.7989    1471.73    1472.85 0.0000e+00
       3553    119.000     4.7347     4.7346   3.336947   3.336151     2.3271      98.91     0.0632      0.482    6.76317    35.1173    35.1081    27.7991    1471.75    1472.84 0.0000e+00
       3578    120.000     4.7353     4.7342   3.337074   3.336172     2.3263      98.91     0.0591      0.615    6.75898    35.1176    35.1082    27.7993    1471.77    1472.83 0.0000e+00
       3602    121.000     4.7364     4.7352   3.337249   3.336349     2.3251      98.91     0.0602      0.511    6.74580    35.1180    35.1087    27.7995    1471.79    1472.82 0.0000e+00
       3627    122.000     4.7315     4.7314   3.336864   3.336059     2.3231      98.91     0.0597      0.492    6.73654    35.1181    35.1088    27.8001    1471.78    1472.82 0.0000e+00
       3651    123.000     4.7221     4.7215   3.336093   3.335265     2.3211      98.91     0.0584      0.579    6.73169    35.1185    35.1095    27.8015    1471.76    1472.81 0.0000e+00
       3674    124.000     4.7150     4.7145   3.335529   3.334706     2.3193      98.91     0.0555      0.729    6.72950    35.1189    35.1098    27.8027    1471.75    1472.80 0.0000e+00
       3697    125.000     4.7035     4.7034   3.334455   3.333644     2.3178      98.92     0.0526      0.584    6.72512    35.1180    35.1086    27.8032    1471.72    1472.79 0.0000e+00
       3719    126.000     4.6697     4.6692   3.331507   3.330662     2.3158      98.91     0.0500      0.429    6.72108    35.1188    35.1094    27.8077    1471.60    1472.78 0.0000e+00
       3743    127.000     4.6639     4.6637   3.331036   3.330214     2.3135      98.91     0.0504      0.427    6.70840    35.1189    35.1095    27.8084    1471.59    1472.77 0.0000e+00
       3768    128.000     4.6610     4.6606   3.330816   3.329985     2.3108      98.91     0.0476      0.424    6.69724    35.1188    35.1095    27.8087    1471.59    1472.76 0.0000e+00
       3793    129.000     4.6599     4.6595   3.330748   3.329943     2.3075      98.91     0.0463      0.461    6.68285    35.1187    35.1097    27.8087    1471.61    1472.75 0.0000e+00
       3818    130.000     4.6497     4.6494   3.329809   3.328999     2.3046      98.92     0.0445      0.522    6.67768    35.1179    35.1088    27.8093    1471.58    1472.74 0.0000e+00
       3842    131.000     4.6379     4.6377   3.328830   3.328024     2.3020      98.92     0.0435      0.477    6.67938    35.1185    35.1092    27.8110    1471.55    1472.73 0.0000e+00
       3866    132.000     4.6304     4.6318   3.328154   3.327489     2.3003      98.91     0.0426      0.425    6.68251    35.1179    35.1087    27.8115    1471.53    1472.73 0.0000e+00
       3890    133.000     4.6246     4.6242   3.327707   3.326869     2.2989      98.91     0.0439      0.415    6.68092    35.1183    35.1089    27.8124    1471.53    1472.72 0.0000e+00
       3913    134.000     4.6210     4.6202   3.327393   3.326531     2.2977      98.91     0.0446      0.639    6.67659    35.1179    35.1087    27.8125    1471.53    1472.71 0.0000e+00
       3937    135.000     4.6185     4.6185   3.327228   3.326435     2.2959      98.91     0.0410      0.432    6.66725    35.1181    35.1088    27.8129    1471.53    1472.70 0.0000e+00
       3961    136.000     4.6200     4.6199   3.327411   3.326620     2.2941      98.91     0.0412      0.409    6.66266    35.1181    35.1090    27.8128    1471.56    1472.69 0.0000e+00
       3985    137.000     4.6174     4.6185   3.327194   3.326530     2.2926      98.91     0.0438      0.425    6.66118    35.1178    35.1088    27.8128    1471.56    1472.68 0.0000e+00
       4009    138.000     4.6147     4.6166   3.326993   3.326397     2.2912      98.91     0.0428      0.417    6.66128    35.1178    35.1088    27.8131    1471.57    1472.67 0.0000e+00
       4034    139.000     4.6094     4.6098   3.326543   3.325767     2.2904      98.91     0.0401      0.507    6.66275    35.1176    35.1081    27.8135    1471.56    1472.67 0.0000e+00
       4058    140.000     4.5933     4.5932   3.324978   3.324186     2.2891      98.91     0.0395      0.429    6.65936    35.1158    35.1066    27.8139    1471.51    1472.66 0.0000e+00
       4082    141.000     4.5741     4.5736   3.323326   3.322495     2.2881      98.91     0.0370      0.420    6.65962    35.1162    35.1070    27.8164    1471.45    1472.65 0.0000e+00
       4106    142.000     4.5683     4.5679   3.322848   3.322019     2.2871      98.91     0.0357      0.401    6.66260    35.1162    35.1069    27.8171    1471.44    1472.64 0.0000e+00
       4129    143.000     4.5563     4.5561   3.321754   3.320942     2.2867      98.91     0.0353      0.423    6.67178    35.1156    35.1063    27.8179    1471.41    1472.63 0.0000e+00
       4152    144.000     4.5422     4.5416   3.320502   3.319666     2.2867      98.91     0.0348      0.426    6.67683    35.1153    35.1061    27.8193    1471.37    1472.62 0.0000e+00
       4174    145.000     4.5325     4.5322   3.319667   3.318853     2.2867      98.91     0.0326      0.471    6.67439    35.1153    35.1060    27.8203    1471.34    1472.61 0.0000e+00
       4199    146.000     4.5239     4.5242   3.318872   3.318113     2.2860      98.92     0.0370      0.639    6.67220    35.1145    35.1053    27.8207    1471.32    1472.61 0.0000e+00
       4225    147.000     4.5095     4.5094   3.317599   3.316808     2.2857      98.91     0.0361      0.386    6.67601    35.1143    35.1051    27.8222    1471.28    1472.60 0.0000e+00
       4252    148.000     4.5019     4.5017   3.316935   3.316140     2.2847      98.91     0.0332      0.383    6.67031    35.1141    35.1049    27.8228    1471.26    1472.59 0.0000e+00
       4277    149.000     4.4945     4.4946   3.316300   3.315528     2.2844      98.91     0.0317      0.419    6.67198    35.1139    35.1047    27.8235    1471.25    1472.58 0.0000e+00
       4299    150.000     4.4872     4.4871   3.315660   3.314858     2.2832      98.92     0.0330      0.377    6.66062    35.1136    35.1043    27.8241    1471.24    1472.57 0.0000e+00
       4321    151.000     4.4803     4.4802   3.315067   3.314265     2.2819      98.92     0.0362      0.372    6.65711    35.1134    35.1041    27.8247    1471.22    1472.56 0.0000e+00
       4345    152.000     4.4677     4.4676   3.313950   3.313157     2.2807      98.92     0.0340      0.363    6.65872    35.1132    35.1039    27.8259    1471.19    1472.55 0.0000e+00
       4369    153.000     4.4592     4.4589   3.313233   3.312426     2.2792      79.79     0.0304      0.376    6.66119    35.1132    35.1040    27.8268    1471.17    1472.54 0.0000e+00
       4394    154.000     4.4570     4.4567   3.313086   3.312268     2.2797      96.95     0.0306      0.366    6.67797    35.1133    35.1040    27.8271    1471.18    1472.53 0.0000e+00
       4418    155.000     4.4553     4.4551   3.312973   3.312179     2.2794      98.94     0.0299      0.380    6.66607    35.1132    35.1041    27.8273    1471.19    1472.53 0.0000e+00
       4441    156.000     4.4531     4.4528   3.312809   3.312011     2.2785      98.92     0.0267      0.393    6.65601    35.1131    35.1040    27.8274    1471.19    1472.52 0.0000e+00
       4466    157.000     4.4509     4.4507   3.312653   3.311866     2.2772      98.91     0.0252      0.372    6.65673    35.1131    35.1040    27.8276    1471.20    1472.51 0.0000e+00
       4491    158.000     4.4441     4.4441   3.312061   3.311279     2.2765      98.91     0.0256      0.390    6.65830    35.1128    35.1036    27.8282    1471.19    1472.50 0.0000e+00
       4516    159.000     4.4324     4.4324   3.311040   3.310255     2.2757      98.91     0.0282      0.358    6.65170    35.1127    35.1034    27.8294    1471.16    1472.49 0.0000e+00
       4539    160.000     4.4225     4.4224   3.310159   3.309368     2.2742      98.91     0.0273      0.497    6.64955    35.1123    35.1031    27.8302    1471.13    1472.48 0.0000e+00
       4562    161.000     4.4065     4.4065   3.308709   3.307920     2.2736      98.91     0.0276      0.367    6.65586    35.1117    35.1024    27.8314    1471.08    1472.47 0.0000e+00
       4585    162.000     4.3924     4.3917   3.307382   3.306537     2.2725      98.91     0.0267      0.336    6.64409    35.1105    35.1013    27.8321    1471.04    1472.47 0.0000e+00
       4610    163.000     4.3811     4.3801   3.306414   3.305534     2.2706      98.92     0.0224      0.392    6.63524    35.1106    35.1013    27.8334    1471.01    1472.46 0.0000e+00
       4635    164.000     4.3765     4.3770   3.306015   3.305287     2.2684      98.91     0.0234      0.352    6.62728    35.1102    35.1011    27.8336    1471.00    1472.45 0.0000e+00
       4659    165.000     4.3615     4.3615   3.304675   3.303887     2.2665      98.91     0.0261      0.373    6.63109    35.1098    35.1006    27.8349    1470.96    1472.44 0.0000e+00
       4682    166.000     4.3501     4.3496   3.303675   3.302846     2.2654      98.92     0.0268      0.413    6.63939    35.1096    35.1004    27.8360    1470.93    1472.43 0.0000e+00
       4706    167.000     4.3357     4.3369   3.302368   3.301703     2.2652      98.91     0.0249      0.347    6.64634    35.1090    35.0999    27.8371    1470.88    1472.42 0.0000e+00
       4730    168.000     4.3312     4.3308   3.302028   3.301220     2.2645      98.91     0.0221      0.344    6.63994    35.1093    35.1001    27.8378    1470.88    1472.41 0.0000e+00
       4755    169.000     4.3302     4.3299   3.301985   3.301175     2.2634      98.92     0.0225      0.358    6.63030    35.1093    35.1000    27.8379    1470.89    1472.40 0.0000e+00
       4779    170.000     4.3119     4.3135   3.300213   3.299575     2.2619      98.92     0.0209      0.351    6.63114    35.1073    35.0981    27.8383    1470.83    1472.39 0.0000e+00
       4804    171.000     4.2991     4.2995   3.299118   3.298391     2.2612      98.91     0.0206      0.346    6.64002    35.1075    35.0985    27.8398    1470.80    1472.38 0.0000e+00
       4827    172.000     4.2878     4.2882   3.298148   3.297383     2.2608      98.92     0.0222      0.342    6.63878    35.1075    35.0980    27.8411    1470.77    1472.37 0.0000e+00
       4850    173.000     4.2857     4.2860   3.297997   3.297248     2.2599      98.92     0.0236      0.356    6.62808    35.1074    35.0982    27.8413    1470.77    1472.36 0.0000e+00
