Physical_Data/CTD_Data/Example_Data/sta0475.cnv
* Sea-Bird SBE 9 Data File:
* FileName = C:\Seabird\CTDData\sta0475.hex
* Software Version Seasave V 7.21f
* Temperature SN = 4340
* Conductivity SN = 3012
* Number of Bytes Per Scan = 34
* Number of Voltage Words = 3
* Number of Scans Averaged by the Deck Unit = 1
* NMEA Latitude = 73 48.96 N
* NMEA Longitude = 007 31.44 E
* NMEA UTC (Time) = Jun 22 2016 06:37:00
* NMEA baud rate = 4800
** Ship: 10 F/F "G. O. Sars"
** Station: 0475
** Echodepth: 666
** Log: 7735.142
** Wind-Dir Force: 16 03
** Air-temp (dry): 4.7
** Weather Sky: 2 5
** Sea Ice: 2 0
** Par light: 451
# nquan = 17                                
# nvalues = 672                         
# units = specified
# name 0 = scan: Scan Count
# name 1 = prDM: Pressure, Digiquartz [db]
# name 2 = t068C: Temperature [ITS-68, deg C]
# name 3 = t168C: Temperature, 2 [ITS-68, deg C]
# name 4 = c0S/m: Conductivity [S/m]
# name 5 = c1S/m: Conductivity, 2 [S/m]
# name 6 = sbeox0V: Oxygen raw, SBE 43 [V]
# name 7 = altM: Altimeter [m]
# name 8 = flC: Fluorescence, Chelsea Aqua 3 Chl Con [ug/l]
# name 9 = seaTurbMtr: Turbidity, Seapoint [FTU]
# name 10 = sbeox0ML/L: Oxygen, SBE 43 [ml/l], WS = 2
# name 11 = sal00: Salinity, Practical [PSU]
# name 12 = sal11: Salinity, Practical, 2 [PSU]
# name 13 = sigma-t00: Density [sigma-t, Kg/m^3 ]
# name 14 = svCM: Sound Velocity [Chen-Millero, m/s]
# name 15 = avgsvCM: Average Sound Velocity [Chen-Millero, m/s], minP = 1, minS = 5
# name 16 = flag: flag
# span 0 =        758,      19692       
# span 1 =      4.000,    675.000       
# span 2 =    -0.1934,     6.0439       
# span 3 =    -0.1922,     6.0457       
# span 4 =   2.910709,   3.451268       
# span 5 =   2.908569,   3.450801       
# span 6 =     1.9996,     2.5432       
# span 7 =       1.77,      99.36       
# span 8 =     0.0118,     0.8414       
# span 9 =      0.165,      5.816       
# span 10 =    6.62728,    9.56897      
# span 11 =    34.9102,    35.1227      
# span 12 =    34.8084,    35.1130      
# span 13 =    27.6418,    28.0462      
# span 14 =    1457.97,    1475.13      
# span 15 =    1464.21,    1475.13      
# span 16 = 0.0000e+00, 0.0000e+00      
# interval = decibars: 1                
# start_time = Jun 22 2016 06:37:03 [System UTC, header]
# bad_flag = -9.990e-29
*END*
[from data line 341]
       8980    345.000     1.5282     1.5279   3.049352   3.048687     2.1557      94.53     0.0187      0.242    6.87347    34.9648    34.9567    27.9799    1461.61    1469.53 0.0000e+00
       9004    346.000     1.5137     1.5130   3.048002   3.047308     2.1545      92.08     0.0169      0.234    6.88767    34.9632    34.9551    27.9797    1461.56    1469.51 0.0000e+00
       9028    347.000     1.4850     1.4843   3.045522   3.044837     2.1542      98.92     0.0175      0.231    6.88973    34.9629    34.9550    27.9816    1461.44    1469.48 0.0000e+00
       9051    348.000     1.4680     1.4714   3.043937   3.043626     2.1533      98.91     0.0165      0.271    6.88368    34.9611    34.9533    27.9814    1461.38    1469.46 0.0000e+00
       9074    349.000     1.4433     1.4419   3.041894   3.041091     2.1522      98.91     0.0166      0.247    6.88224    34.9619    34.9533    27.9839    1461.29    1469.44 0.0000e+00
       9098    350.000     1.4323     1.4331   3.040988   3.040423     2.1511      98.91     0.0169      0.281    6.88294    34.9620    34.9540    27.9848    1461.26    1469.41 0.0000e+00
       9122    351.000     1.4214     1.4216   3.040067   3.039453     2.1501      98.92     0.0178      0.227    6.88547    34.9618    34.9538    27.9854    1461.23    1469.39 0.0000e+00
       9146    352.000     1.4173     1.4189   3.039726   3.039250     2.1493      98.92     0.0200      0.256    6.88822    34.9615    34.9536    27.9854    1461.22    1469.37 0.0000e+00
       9169    353.000     1.4137     1.4139   3.039465   3.038857     2.1491      98.92     0.0211      0.228    6.89766    34.9616    34.9536    27.9858    1461.23    1469.34 0.0000e+00
       9191    354.000     1.4108     1.4107   3.039272   3.038637     2.1490      98.92     0.0210      1.032    6.90031    34.9618    34.9538    27.9861    1461.23    1469.32 0.0000e+00
       9214    355.000     1.4069     1.4071   3.038986   3.038379     2.1491      98.92     0.0209      0.526    6.90731    34.9619    34.9539    27.9865    1461.23    1469.30 0.0000e+00
       9238    356.000     1.4051     1.4054   3.038885   3.038288     2.1497      98.92     0.0190      0.242    6.91802    34.9620    34.9541    27.9867    1461.24    1469.28 0.0000e+00
       9263    357.000     1.3969     1.3977   3.038139   3.037581     2.1504      98.92     0.0194      0.224    6.91352    34.9610    34.9530    27.9866    1461.22    1469.25 0.0000e+00
       9288    358.000     1.3787     1.3801   3.036592   3.036101     2.1500      98.92     0.0202      0.223    6.91325    34.9610    34.9532    27.9878    1461.15    1469.23 0.0000e+00
       9312    359.000     1.3728     1.3739   3.036074   3.035508     2.1503      98.92     0.0189      0.227    6.92052    34.9604    34.9519    27.9878    1461.14    1469.21 0.0000e+00
       9335    360.000     1.3559     1.3541   3.034585   3.033809     2.1503      98.91     0.0204      0.230    6.92273    34.9596    34.9517    27.9884    1461.08    1469.18 0.0000e+00
       9358    361.000     1.3428     1.3427   3.033439   3.032798     2.1504      98.92     0.0193      0.226    6.92823    34.9590    34.9509    27.9888    1461.04    1469.16 0.0000e+00
       9381    362.000     1.3261     1.3255   3.031918   3.031237     2.1505      98.91     0.0191      0.218    6.93114    34.9576    34.9495    27.9889    1460.98    1469.14 0.0000e+00
       9403    363.000     1.3086     1.3085   3.030412   3.029760     2.1505      98.92     0.0201      0.220    6.93399    34.9572    34.9490    27.9898    1460.92    1469.12 0.0000e+00
       9427    364.000     1.3036     1.3027   3.030027   3.029329     2.1504      98.92     0.0213      0.232    6.93434    34.9573    34.9494    27.9903    1460.91    1469.09 0.0000e+00
       9450    365.000     1.3035     1.3030   3.030070   3.029396     2.1503      98.92     0.0186      0.269    6.93843    34.9574    34.9493    27.9903    1460.93    1469.07 0.0000e+00
       9474    366.000     1.2886     1.2882   3.028608   3.027954     2.1504      98.92     0.0200      0.222    6.94003    34.9547    34.9468    27.9892    1460.87    1469.05 0.0000e+00
       9497    367.000     1.2581     1.2582   3.025941   3.025307     2.1503      98.92     0.0193      0.495    6.94272    34.9540    34.9458    27.9908    1460.75    1469.03 0.0000e+00
       9521    368.000     1.2459     1.2454   3.024900   3.024211     2.1496      98.91     0.0174      0.228    6.93323    34.9537    34.9454    27.9914    1460.71    1469.00 0.0000e+00
       9544    369.000     1.2314     1.2318   3.023509   3.022916     2.1487      98.92     0.0202      0.219    6.92827    34.9515    34.9434    27.9907    1460.66    1468.98 0.0000e+00
       9567    370.000     1.1878     1.1873   3.019505   3.018824     2.1475      98.92     0.0223      0.248    6.93327    34.9482    34.9401    27.9911    1460.48    1468.96 0.0000e+00
       9591    371.000     1.1745     1.1744   3.018502   3.017866     2.1467      98.92     0.0212      0.227    6.93925    34.9496    34.9416    27.9932    1460.44    1468.93 0.0000e+00
       9613    372.000     1.1751     1.1751   3.018663   3.018029     2.1457      98.92     0.0233      0.352    6.93153    34.9504    34.9423    27.9938    1460.46    1468.91 0.0000e+00
       9637    373.000     1.1497     1.1484   3.016315   3.015566     2.1447      98.92     0.0203      0.244    6.92913    34.9481    34.9399    27.9937    1460.36    1468.89 0.0000e+00
       9661    374.000     1.1346     1.1349   3.015069   3.014457     2.1431      98.92     0.0203      0.369    6.91246    34.9484    34.9402    27.9949    1460.31    1468.87 0.0000e+00
       9685    375.000     1.1219     1.1220   3.013883   3.013255     2.1410      98.92     0.0167      0.221    6.91488    34.9468    34.9386    27.9945    1460.27    1468.84 0.0000e+00
       9709    376.000     1.1114     1.1101   3.012999   3.012217     2.1399      98.91     0.0172      0.218    6.92772    34.9465    34.9380    27.9950    1460.23    1468.82 0.0000e+00
       9732    377.000     1.1059     1.1035   3.012525   3.011692     2.1394      98.92     0.0174      0.234    6.93609    34.9460    34.9380    27.9950    1460.23    1468.80 0.0000e+00
       9756    378.000     1.0991     1.0988   3.011947   3.011315     2.1392      98.92     0.0164      0.217    6.93502    34.9456    34.9378    27.9951    1460.21    1468.77 0.0000e+00
       9780    379.000     1.0750     1.0747   3.009612   3.008947     2.1386      98.92     0.0172      0.244    6.93111    34.9419    34.9337    27.9938    1460.12    1468.75 0.0000e+00
       9803    380.000     1.0430     1.0429   3.006878   3.006254     2.1376      98.92     0.0176      0.230    6.92554    34.9420    34.9340    27.9960    1459.99    1468.73 0.0000e+00
       9827    381.000     1.0393     1.0394   3.006684   3.006080     2.1358      89.87     0.0164      0.213    6.91598    34.9430    34.9351    27.9971    1459.99    1468.70 0.0000e+00
       9849    382.000     1.0370     1.0376   3.006526   3.005948     2.1351      96.16     0.0172      0.217    6.92664    34.9430    34.9349    27.9972    1460.00    1468.68 0.0000e+00
       9873    383.000     1.0150     1.0143   3.004525   3.003845     2.1339      98.93     0.0187      0.220    6.91969    34.9412    34.9332    27.9973    1459.91    1468.66 0.0000e+00
       9898    384.000     0.9958     0.9967   3.002917   3.002378     2.1327      98.91     0.0165      0.274    6.92225    34.9414    34.9335    27.9988    1459.84    1468.64 0.0000e+00
       9924    385.000     0.9759     0.9757   3.001049   3.000419     2.1319      98.92     0.0189      0.221    6.93740    34.9390    34.9311    27.9982    1459.77    1468.61 0.0000e+00
       9948    386.000     0.9470     0.9463   2.998520   2.997844     2.1317      98.91     0.0178      0.217    6.94083    34.9382    34.9302    27.9994    1459.65    1468.59 0.0000e+00
       9971    387.000     0.9359     0.9356   2.997638   2.996981     2.1311      98.91     0.0164      0.203    6.94055    34.9386    34.9305    28.0005    1459.62    1468.57 0.0000e+00
       9993    388.000     0.9298     0.9299   2.997107   2.996500     2.1308      98.91     0.0163      0.210    6.94635    34.9380    34.9301    28.0004    1459.61    1468.54 0.0000e+00
      10015    389.000     0.9246     0.9244   2.996658   2.996011     2.1306      98.92     0.0185      0.212    6.94614    34.9375    34.9293    28.0003    1459.60    1468.52 0.0000e+00
      10039    390.000     0.9127     0.9128   2.995656   2.995052     2.1302      98.92     0.0175      0.209    6.94439    34.9373    34.9294    28.0010    1459.56    1468.50 0.0000e+00
      10064    391.000     0.8995     0.8993   2.994373   2.993715     2.1298      98.92     0.0167      0.208    6.94894    34.9349    34.9266    27.9999    1459.51    1468.47 0.0000e+00
      10088    392.000     0.8372     0.8363   2.988738   2.988051     2.1293      98.92     0.0168      0.203    6.95165    34.9313    34.9234    28.0011    1459.25    1468.45 0.0000e+00
      10112    393.000     0.8084     0.8091   2.986265   2.985706     2.1283      98.92     0.0162      0.212    6.94704    34.9310    34.9230    28.0027    1459.13    1468.43 0.0000e+00
      10136    394.000     0.8031     0.8033   2.985854   2.985241     2.1270      98.92     0.0188      0.213    6.94508    34.9310    34.9229    28.0031    1459.12    1468.40 0.0000e+00
      10159    395.000     0.8027     0.8024   2.985853   2.985197     2.1262      98.92     0.0224      0.204    6.94204    34.9309    34.9227    28.0030    1459.14    1468.38 0.0000e+00
      10182    396.000     0.7894     0.7867   2.984599   2.983765     2.1249      98.92     0.0236      0.203    6.93776    34.9290    34.9212    28.0023    1459.09    1468.36 0.0000e+00
      10204    397.000     0.7672     0.7683   2.982668   2.982129     2.1237      98.91     0.0215      0.205    6.93541    34.9283    34.9201    28.0032    1459.01    1468.33 0.0000e+00
      10228    398.000     0.7567     0.7575   2.981814   2.981266     2.1223      98.91     0.0194      0.209    6.93403    34.9284    34.9204    28.0040    1458.98    1468.31 0.0000e+00
      10251    399.000     0.7521     0.7516   2.981397   2.980724     2.1211      98.91     0.0223      0.210    6.92987    34.9276    34.9194    28.0036    1458.97    1468.28 0.0000e+00
      10275    400.000     0.7350     0.7351   2.979916   2.979304     2.1196      98.92     0.0219      0.204    6.92689    34.9270    34.9189    28.0042    1458.91    1468.26 0.0000e+00
      10299    401.000     0.7095     0.7092   2.977634   2.977002     2.1183      98.92     0.0186      0.206    6.92454    34.9254    34.9176    28.0046    1458.81    1468.24 0.0000e+00
      10323    402.000     0.6838     0.6834   2.975426   2.974793     2.1163      95.99     0.0149      0.212    6.90598    34.9250    34.9173    28.0059    1458.71    1468.21 0.0000e+00
      10348    403.000     0.6796     0.6802   2.975147   2.974591     2.1139      92.11     0.0158      0.214    6.90994    34.9256    34.9177    28.0066    1458.71    1468.19 0.0000e+00
      10371    404.000     0.6790     0.6792   2.975146   2.974553     2.1125      98.95     0.0194      0.203    6.90869    34.9256    34.9177    28.0067    1458.72    1468.17 0.0000e+00
      10393    405.000     0.6798     0.6798   2.975306   2.974694     2.1113      98.92     0.0166      0.197    6.91628    34.9262    34.9183    28.0071    1458.74    1468.14 0.0000e+00
      10415    406.000     0.6797     0.6802   2.975389   2.974818     2.1109      98.92     0.0139      0.297    6.92469    34.9268    34.9188    28.0076    1458.76    1468.12 0.0000e+00
      10439    407.000     0.6686     0.6687   2.974535   2.973946     2.1106      98.92     0.0159      0.204    6.92742    34.9276    34.9198    28.0089    1458.73    1468.10 0.0000e+00
      10463    408.000     0.6594     0.6594   2.973744   2.973125     2.1100      98.92     0.0161      0.206    6.92672    34.9271    34.9190    28.0091    1458.70    1468.07 0.0000e+00
      10489    409.000     0.6372     0.6371   2.971705   2.971068     2.1099      98.91     0.0159      0.207    6.93414    34.9249    34.9168    28.0087    1458.61    1468.05 0.0000e+00
      10514    410.000     0.5756     0.5687   2.965942   2.964847     2.1096      98.92     0.0150      0.207    6.94717    34.9186    34.9121    28.0075    1458.34    1468.03 0.0000e+00
      10538    411.000     0.5444     0.5457   2.963495   2.962933     2.1093      98.92     0.0158      0.223    6.94596    34.9213    34.9125    28.0115    1458.22    1468.00 0.0000e+00
      10561    412.000     0.5361     0.5353   2.962684   2.962024     2.1085      98.91     0.0178      0.633    6.94225    34.9195    34.9118    28.0105    1458.20    1467.98 0.0000e+00
      10584    413.000     0.5350     0.5333   2.962677   2.961894     2.1079      98.92     0.0189      0.207    6.92784    34.9200    34.9117    28.0111    1458.21    1467.95 0.0000e+00
      10606    414.000     0.5268     0.5296   2.961937   2.961609     2.1058      98.92     0.0205      0.229    6.90153    34.9190    34.9116    28.0107    1458.19    1467.93 0.0000e+00
      10630    415.000     0.5188     0.5197   2.961331   2.960822     2.1031      98.92     0.0310      0.314    6.88909    34.9195    34.9119    28.0116    1458.17    1467.91 0.0000e+00
      10654    416.000     0.5164     0.5149   2.961144   2.960404     2.1006      98.91     0.0271      0.201    6.88478    34.9192    34.9112    28.0115    1458.17    1467.88 0.0000e+00
      10679    417.000     0.5138     0.5162   2.960980   2.960588     2.0981      98.92     0.0234      0.199    6.87742    34.9194    34.9116    28.0118    1458.18    1467.86 0.0000e+00
      10703    418.000     0.4961     0.4954   2.959355   2.958730     2.0962      98.92     0.0222      0.212    6.88644    34.9176    34.9102    28.0114    1458.11    1467.84 0.0000e+00
      10728    419.000     0.4816     0.4832   2.958127   2.957732     2.0948      98.92     0.0206      0.420    6.88484    34.9173    34.9103    28.0121    1458.06    1467.81 0.0000e+00
      10751    420.000     0.4803     0.4780   2.958105   2.957328     2.0932      98.92     0.0230      0.195    6.87890    34.9179    34.9103    28.0126    1458.07    1467.79 0.0000e+00
      10774    421.000     0.4715     0.4720   2.957373   2.956832     2.0917      98.91     0.0203      0.194    6.87770    34.9176    34.9100    28.0130    1458.05    1467.77 0.0000e+00
      10798    422.000     0.4751     0.4740   2.957773   2.957068     2.0905      98.92     0.0225      0.203    6.87780    34.9182    34.9102    28.0132    1458.08    1467.74 0.0000e+00
      10821    423.000     0.4690     0.4702   2.957235   2.956747     2.0895      98.92     0.0208      0.198    6.86350    34.9175    34.9097    28.0130    1458.07    1467.72 0.0000e+00
      10846    424.000     0.4635     0.4634   2.956826   2.956229     2.0874      81.98     0.0174      0.196    6.87313    34.9177    34.9100    28.0135    1458.06    1467.70 0.0000e+00
      10871    425.000     0.4608     0.4611   2.956586   2.956024     2.0870      99.06     0.0185      0.206    6.87134    34.9170    34.9094    28.0131    1458.06    1467.67 0.0000e+00
      10895    426.000     0.4495     0.4498   2.955659   2.955090     2.0858      98.92     0.0189      0.201    6.86563    34.9171    34.9093    28.0138    1458.03    1467.65 0.0000e+00
      10920    427.000     0.4489     0.4470   2.955630   2.954876     2.0846      98.92     0.0204      0.239    6.86447    34.9168    34.9091    28.0136    1458.04    1467.63 0.0000e+00
      10944    428.000     0.4431     0.4434   2.955220   2.954639     2.0838      98.92     0.0179      0.239    6.86454    34.9174    34.9094    28.0145    1458.03    1467.61 0.0000e+00
