Physical_Data/CTD_Data/Example_Data/sta0478.cnv
* Sea-Bird SBE 9 Data File:
* FileName = C:\Seabird\CTDData\sta0478.hex
* Software Version Seasave V 7.21f
* Temperature SN = 4340
* Conductivity SN = 3012
* Number of Bytes Per Scan = 34
* Number of Voltage Words = 3
* Number of Scans Averaged by the Deck Unit = 1
* NMEA Latitude = 73 50.81 N
* NMEA Longitude = 007 35.55 E
* NMEA UTC (Time) = Jun 23 2016 07:20:16
* NMEA baud rate = 4800
** Ship: 10 F/F "G. O. Sars"
** Station: 0478
** Echodepth: 1075
** Log: 7760..039
** Wind-Dir Force: 21 16
** Air-temp (dry): 6.4
** Weather Sky: 2 5
** Sea Ice: 2 0
** Par light: 451
# nquan = 17                                
# nvalues = 1088                        
# units = specified
# name 0 = scan: Scan Count
# name 1 = prDM: Pressure, Digiquartz [db]
# name 2 = t068C: Temperature [ITS-68, deg C]
# name 3 = t168C: Temperature, 2 [ITS-68, deg C]
# name 4 = c0S/m: Conductivity [S/m]
# name 5 = c1S/m: Conductivity, 2 [S/m]
# name 6 = sbeox0V: Oxygen raw, SBE 43 [V]
# name 7 = altM: Altimeter [m]
# name 8 = flC: Fluorescence, Chelsea Aqua 3 Chl Con [ug/l]
# name 9 = seaTurbMtr: Turbidity, Seapoint [FTU]
# name 10 = sbeox0ML/L: Oxygen, SBE 43 [ml/l], WS = 2
# name 11 = sal00: Salinity, Practical [PSU]
# name 12 = sal11: Salinity, Practical, 2 [PSU]
# name 13 = sigma-t00: Density [sigma-t, Kg/m^3 ]
# name 14 = svCM: Sound Velocity [Chen-Millero, m/s]
# name 15 = avgsvCM: Average Sound Velocity [Chen-Millero, m/s], minP = 1, minS = 5
# name 16 = flag: flag
# span 0 =        -83,      29086       
# span 1 =      2.000,   1089.000       
# span 2 =    -0.5168,     6.8000       
# span 3 =    -0.5152,     6.8014       
# span 4 =   2.900238,   3.521482       
# span 5 =   2.901612,   3.520942       
# span 6 =     1.8819,     2.5944       
# span 7 =      24.93,      99.29       
# span 8 =     0.0066,     1.5504       
# span 9 =      0.164,      4.719       
# span 10 =    6.55839,    7.28421      
# span 11 =    34.9106,    35.1298      
# span 12 =    34.8962,    35.1233      
# span 13 =    27.5464,    28.0608      
# span 14 =    1458.45,    1478.12      
# span 15 =    1463.98,    1478.05      
# span 16 = 0.0000e+00, 0.0000e+00      
# interval = decibars: 1                
# start_time = Jun 23 2016 07:20:19 [System UTC, header]
# bad_flag = -9.990e-29
*END*
[from data line 852]
      21280    854.000    -0.3311    -0.2594   2.907370   2.912721     1.9352      96.81     0.0129      0.182    6.71668    34.9124    34.9020    28.0526    1461.48    1464.29 0.0000e+00
      21304    855.000    -0.3315    -0.2600   2.907377   2.912600     1.9339      79.04     0.0106      0.180    6.74064    34.9123    34.9005    28.0526    1461.49    1464.29 0.0000e+00
      21329    856.000    -0.3326    -0.2627   2.907319   2.912474     1.9346      98.66     0.0116      0.180    6.74800    34.9122    34.9013    28.0526    1461.51    1464.29 0.0000e+00
      21356    857.000    -0.3327    -0.2638   2.907370   2.912352     1.9347      98.91     0.0117      0.190    6.74603    34.9124    34.9003    28.0528    1461.52    1464.28 0.0000e+00
      21381    858.000    -0.3331    -0.2642   2.907383   2.912208     1.9345      98.90     0.0131      0.180    6.74712    34.9125    34.8983    28.0528    1461.54    1464.28 0.0000e+00
      21403    859.000    -0.3330    -0.2678   2.907437   2.912003     1.9346      98.91     0.0116      0.179    6.74188    34.9125    34.8991    28.0528    1461.55    1464.28 0.0000e+00
      21425    860.000    -0.3333    -0.2708   2.907449   2.911808     1.9343      98.90     0.0104      0.187    6.74187    34.9124    34.8993    28.0528    1461.57    1464.27 0.0000e+00
      21448    861.000    -0.3350    -0.2739   2.907335   2.911610     1.9342      98.91     0.0116      0.176    6.74339    34.9122    34.8996    28.0527    1461.58    1464.27 0.0000e+00
      21473    862.000    -0.3385    -0.2752   2.907073   2.911424     1.9339      98.91     0.0107      0.177    6.73663    34.9121    34.8980    28.0528    1461.58    1464.27 0.0000e+00
      21501    863.000    -0.3402    -0.2763   2.906977   2.911258     1.9332      98.90     0.0103      0.179    6.73548    34.9122    34.8965    28.0529    1461.59    1464.27 0.0000e+00
      21527    864.000    -0.3413    -0.2803   2.906929   2.911077     1.9330      98.91     0.0111      0.183    6.74322    34.9122    34.8981    28.0530    1461.60    1464.26 0.0000e+00
      21551    865.000    -0.3417    -0.2834   2.906938   2.910893     1.9330      98.90     0.0128      0.184    6.74663    34.9122    34.8986    28.0530    1461.61    1464.26 0.0000e+00
      21574    866.000    -0.3410    -0.2867   2.907034   2.910667     1.9329      98.90     0.0150      0.189    6.74504    34.9121    34.8987    28.0529    1461.63    1464.26 0.0000e+00
      21598    867.000    -0.3426    -0.2897   2.906932   2.910470     1.9329      98.91     0.0121      0.189    6.73700    34.9120    34.8989    28.0529    1461.64    1464.25 0.0000e+00
      21623    868.000    -0.3444    -0.2924   2.906827   2.910340     1.9317      87.75     0.0095      0.216    6.72474    34.9121    34.8997    28.0530    1461.65    1464.25 0.0000e+00
      21648    869.000    -0.3478    -0.2955   2.906569   2.910242     1.9317      97.82     0.0105      0.186    6.74882    34.9119    34.9013    28.0531    1461.65    1464.25 0.0000e+00
      21671    870.000    -0.3522    -0.2981   2.906231   2.910111     1.9316      98.91     0.0108      0.207    6.74044    34.9118    34.9019    28.0532    1461.64    1464.24 0.0000e+00
      21694    871.000    -0.3577    -0.2982   2.905789   2.910001     1.9312      98.91     0.0140      0.183    6.73696    34.9116    34.9000    28.0533    1461.64    1464.24 0.0000e+00
      21719    872.000    -0.3606    -0.3004   2.905590   2.909905     1.9310      98.91     0.0150      0.189    6.73866    34.9117    34.9007    28.0535    1461.64    1464.24 0.0000e+00
      21745    873.000    -0.3621    -0.3018   2.905498   2.909821     1.9305      98.91     0.0156      0.219    6.74352    34.9116    34.9005    28.0535    1461.65    1464.24 0.0000e+00
      21770    874.000    -0.3654    -0.3017   2.905250   2.909732     1.9305      98.91     0.0167      0.187    6.73281    34.9115    34.8987    28.0536    1461.65    1464.23 0.0000e+00
      21794    875.000    -0.3698    -0.3039   2.904917   2.909635     1.9294      98.90     0.0154      0.182    6.72445    34.9115    34.8993    28.0538    1461.65    1464.23 0.0000e+00
      21818    876.000    -0.3758    -0.3059   2.904439   2.909551     1.9288      98.91     0.0119      0.176    6.73217    34.9113    34.8999    28.0540    1461.63    1464.23 0.0000e+00
      21843    877.000    -0.3808    -0.3078   2.904071   2.909484     1.9284      98.91     0.0124      0.185    6.73660    34.9115    34.9005    28.0544    1461.63    1464.22 0.0000e+00
      21868    878.000    -0.3818    -0.3086   2.904017   2.909402     1.9282      98.91     0.0140      0.181    6.73687    34.9114    34.8998    28.0543    1461.64    1464.22 0.0000e+00
      21892    879.000    -0.3852    -0.3109   2.903761   2.909303     1.9280      98.91     0.0126      0.182    6.73473    34.9112    34.9005    28.0544    1461.64    1464.22 0.0000e+00
      21915    880.000    -0.3899    -0.3131   2.903413   2.909216     1.9272      98.90     0.0142      0.181    6.72680    34.9114    34.9013    28.0547    1461.63    1464.21 0.0000e+00
      21938    881.000    -0.3914    -0.3140   2.903322   2.909130     1.9269      98.91     0.0127      0.182    6.72675    34.9113    34.9006    28.0547    1461.64    1464.21 0.0000e+00
      21962    882.000    -0.3946    -0.3148   2.903092   2.909057     1.9260      98.91     0.0127      0.183    6.72814    34.9113    34.8999    28.0548    1461.65    1464.21 0.0000e+00
      21989    883.000    -0.3976    -0.3155   2.902877   2.908993     1.9257      98.91     0.0114      0.173    6.73385    34.9112    34.8993    28.0550    1461.65    1464.21 0.0000e+00
      22015    884.000    -0.3987    -0.3160   2.902832   2.908912     1.9256      98.91     0.0117      0.175    6.73641    34.9113    34.8982    28.0551    1461.66    1464.20 0.0000e+00
      22038    885.000    -0.3993    -0.3194   2.902807   2.908778     1.9253      98.91     0.0119      0.187    6.73457    34.9111    34.8997    28.0549    1461.67    1464.20 0.0000e+00
      22060    886.000    -0.4013    -0.3214   2.902704   2.908625     1.9253      98.91     0.0072      0.177    6.73446    34.9114    34.8993    28.0553    1461.68    1464.20 0.0000e+00
      22083    887.000    -0.4032    -0.3236   2.902581   2.908488     1.9249      98.91     0.0066      0.178    6.73331    34.9113    34.8994    28.0553    1461.69    1464.19 0.0000e+00
      22107    888.000    -0.4029    -0.3267   2.902648   2.908326     1.9246      98.91     0.0084      0.178    6.73627    34.9113    34.9002    28.0553    1461.71    1464.19 0.0000e+00
      22132    889.000    -0.4024    -0.3292   2.902739   2.908183     1.9245      98.91     0.0107      0.178    6.73729    34.9114    34.9006    28.0553    1461.73    1464.19 0.0000e+00
      22158    890.000    -0.4023    -0.3298   2.902783   2.908043     1.9245      98.91     0.0135      0.183    6.73786    34.9112    34.8988    28.0552    1461.74    1464.19 0.0000e+00
      22182    891.000    -0.4025    -0.3321   2.902815   2.907884     1.9242      98.91     0.0137      0.182    6.73214    34.9113    34.8987    28.0552    1461.76    1464.18 0.0000e+00
      22205    892.000    -0.4025    -0.3345   2.902865   2.907690     1.9239      98.91     0.0134      0.179    6.73029    34.9114    34.8983    28.0553    1461.77    1464.18 0.0000e+00
      22229    893.000    -0.4042    -0.3380   2.902755   2.907421     1.9235      98.91     0.0117      0.174    6.73046    34.9113    34.8981    28.0553    1461.78    1464.18 0.0000e+00
      22253    894.000    -0.4045    -0.3432   2.902799   2.907136     1.9232      98.90     0.0111      0.187    6.73171    34.9116    34.8996    28.0556    1461.80    1464.18 0.0000e+00
      22277    895.000    -0.4057    -0.3478   2.902704   2.906936     1.9229      98.91     0.0105      0.185    6.72512    34.9111    34.9016    28.0553    1461.81    1464.17 0.0000e+00
      22300    896.000    -0.4088    -0.3481   2.902498   2.906733     1.9222      98.91     0.0117      0.182    6.72565    34.9113    34.8987    28.0556    1461.81    1464.17 0.0000e+00
      22324    897.000    -0.4081    -0.3510   2.902602   2.906555     1.9219      98.90     0.0141      0.289    6.72773    34.9113    34.8990    28.0555    1461.83    1464.17 0.0000e+00
      22348    898.000    -0.4092    -0.3540   2.902559   2.906356     1.9215      98.91     0.0141      0.179    6.73050    34.9114    34.8992    28.0557    1461.84    1464.17 0.0000e+00
      22374    899.000    -0.4093    -0.3561   2.902588   2.906203     1.9214      98.91     0.0131      0.180    6.72414    34.9113    34.8990    28.0556    1461.86    1464.16 0.0000e+00
      22400    900.000    -0.4099    -0.3561   2.902570   2.906059     1.9209      98.90     0.0138      0.193    6.73256    34.9112    34.8965    28.0555    1461.87    1464.16 0.0000e+00
      22425    901.000    -0.4127    -0.3596   2.902379   2.905917     1.9209      98.91     0.0144      0.193    6.73318    34.9113    34.8980    28.0557    1461.88    1464.16 0.0000e+00
      22448    902.000    -0.4155    -0.3630   2.902200   2.905745     1.9206      83.59     0.0132      0.181    6.71881    34.9115    34.8990    28.0560    1461.88    1464.15 0.0000e+00
      22470    903.000    -0.4162    -0.3650   2.902180   2.905590     1.9200      51.46     0.0141      0.182    6.74215    34.9114    34.8986    28.0560    1461.89    1464.15 0.0000e+00
      22492    904.000    -0.4193    -0.3676   2.901942   2.905477     1.9209      98.82     0.0152      0.181    6.74920    34.9112    34.8995    28.0560    1461.89    1464.15 0.0000e+00
      22516    905.000    -0.4210    -0.3694   2.901843   2.905365     1.9208      98.90     0.0142      0.176    6.73021    34.9112    34.8994    28.0561    1461.90    1464.15 0.0000e+00
      22542    906.000    -0.4215    -0.3720   2.901849   2.905277     1.9202      98.91     0.0136      0.179    6.72573    34.9113    34.9006    28.0561    1461.92    1464.15 0.0000e+00
      22568    907.000    -0.4216    -0.3720   2.901893   2.905235     1.9197      98.91     0.0147      0.185    6.72493    34.9114    34.8995    28.0562    1461.93    1464.14 0.0000e+00
      22592    908.000    -0.4215    -0.3724   2.901936   2.905168     1.9190      98.91     0.0126      0.185    6.71800    34.9113    34.8985    28.0561    1461.95    1464.14 0.0000e+00
      22616    909.000    -0.4238    -0.3745   2.901773   2.905063     1.9184      98.91     0.0110      0.181    6.72243    34.9111    34.8989    28.0561    1461.96    1464.14 0.0000e+00
      22639    910.000    -0.4261    -0.3765   2.901640   2.904934     1.9181      98.91     0.0142      0.179    6.72751    34.9114    34.8989    28.0565    1461.96    1464.14 0.0000e+00
      22662    911.000    -0.4265    -0.3778   2.901651   2.904859     1.9180      98.91     0.0156      0.181    6.73009    34.9114    34.8988    28.0565    1461.98    1464.13 0.0000e+00
      22686    912.000    -0.4269    -0.3801   2.901647   2.904811     1.9179      98.91     0.0143      0.191    6.73363    34.9112    34.9001    28.0564    1461.99    1464.13 0.0000e+00
      22710    913.000    -0.4274    -0.3813   2.901660   2.904709     1.9179      98.91     0.0120      0.181    6.72848    34.9114    34.8996    28.0565    1462.01    1464.13 0.0000e+00
      22733    914.000    -0.4282    -0.3834   2.901630   2.904635     1.9174      98.91     0.0129      0.178    6.72405    34.9113    34.9004    28.0565    1462.02    1464.13 0.0000e+00
      22755    915.000    -0.4297    -0.3839   2.901553   2.904535     1.9172      98.90     0.0136      0.178    6.72681    34.9114    34.8990    28.0566    1462.03    1464.12 0.0000e+00
      22779    916.000    -0.4303    -0.3855   2.901540   2.904426     1.9168      98.91     0.0137      0.186    6.72255    34.9113    34.8988    28.0566    1462.04    1464.12 0.0000e+00
      22804    917.000    -0.4310    -0.3877   2.901525   2.904351     1.9164      98.91     0.0160      0.177    6.72472    34.9114    34.8997    28.0567    1462.06    1464.12 0.0000e+00
      22829    918.000    -0.4310    -0.3889   2.901563   2.904280     1.9161      98.91     0.0145      0.182    6.72779    34.9113    34.8996    28.0566    1462.07    1464.12 0.0000e+00
      22852    919.000    -0.4310    -0.3907   2.901608   2.904185     1.9161      98.90     0.0136      0.178    6.73188    34.9113    34.8998    28.0566    1462.09    1464.11 0.0000e+00
      22875    920.000    -0.4306    -0.3917   2.901699   2.904110     1.9161      98.91     0.0160      0.176    6.73361    34.9115    34.8993    28.0567    1462.11    1464.11 0.0000e+00
      22898    921.000    -0.4306    -0.3930   2.901737   2.904017     1.9162      98.91     0.0189      0.179    6.73426    34.9114    34.8990    28.0567    1462.12    1464.11 0.0000e+00
      22921    922.000    -0.4303    -0.3942   2.901811   2.903938     1.9161      98.91     0.0162      0.183    6.73391    34.9115    34.8987    28.0567    1462.14    1464.11 0.0000e+00
      22945    923.000    -0.4307    -0.3961   2.901806   2.903880     1.9161      98.91     0.0165      0.202    6.73459    34.9113    34.8995    28.0566    1462.16    1464.11 0.0000e+00
      22968    924.000    -0.4317    -0.3977   2.901768   2.903813     1.9160      98.91     0.0165      0.197    6.73390    34.9113    34.8999    28.0566    1462.17    1464.10 0.0000e+00
      22991    925.000    -0.4316    -0.3988   2.901834   2.903789     1.9158      98.90     0.0144      0.177    6.72716    34.9115    34.9002    28.0568    1462.18    1464.10 0.0000e+00
      23015    926.000    -0.4315    -0.3986   2.901880   2.903740     1.9156      98.90     0.0125      0.179    6.74051    34.9114    34.8988    28.0567    1462.20    1464.10 0.0000e+00
      23040    927.000    -0.4309    -0.3997   2.901969   2.903675     1.9159      98.91     0.0105      0.181    6.73469    34.9113    34.8986    28.0566    1462.22    1464.10 0.0000e+00
      23064    928.000    -0.4309    -0.4001   2.902019   2.903617     1.9153      98.91     0.0092      0.195    6.72790    34.9114    34.8977    28.0567    1462.24    1464.10 0.0000e+00
      23088    929.000    -0.4309    -0.4008   2.902066   2.903576     1.9152      98.91     0.0124      0.173    6.73162    34.9115    34.8973    28.0567    1462.25    1464.09 0.0000e+00
      23111    930.000    -0.4309    -0.4034   2.902109   2.903513     1.9150      98.91     0.0127      0.171    6.72972    34.9114    34.8989    28.0567    1462.27    1464.09 0.0000e+00
      23134    931.000    -0.4308    -0.4051   2.902156   2.903450     1.9146      98.91     0.0118      0.180    6.72429    34.9114    34.8994    28.0567    1462.29    1464.09 0.0000e+00
      23158    932.000    -0.4308    -0.4065   2.902207   2.903425     1.9140      98.91     0.0129      0.180    6.72046    34.9115    34.9001    28.0567    1462.30    1464.09 0.0000e+00
      23181    933.000    -0.4308    -0.4079   2.902246   2.903386     1.9137      98.91     0.0162      0.184    6.73085    34.9114    34.9005    28.0567    1462.32    1464.09 0.0000e+00
      23205    934.000    -0.4322    -0.4082   2.902169   2.903328     1.9137      98.91     0.0153      0.192    6.73495    34.9114    34.8995    28.0567    1462.33    1464.08 0.0000e+00
      23229    935.000    -0.4318    -0.4091   2.902247   2.903311     1.9137      98.91     0.0138      0.202    6.73297    34.9114    34.8997    28.0567    1462.35    1464.08 0.0000e+00
      23255    936.000    -0.4320    -0.4088   2.902268   2.903303     1.9137      98.91     0.0161      0.181    6.73566    34.9113    34.8987    28.0567    1462.36    1464.08 0.0000e+00
      23281    937.000    -0.4323    -0.4086   2.902301   2.903299     1.9135      97.44     0.0115      0.191    6.71067    34.9115    34.8979    28.0568    1462.38    1464.08 0.0000e+00
