Physical_Data/CTD_Data/Example_Data/sta0482.cnv
* Sea-Bird SBE 9 Data File:
* FileName = C:\Seabird\CTDData\sta0482.hex
* Software Version Seasave V 7.21f
* Temperature SN = 4340
* Conductivity SN = 3012
* Number of Bytes Per Scan = 34
* Number of Voltage Words = 3
* Number of Scans Averaged by the Deck Unit = 1
* NMEA Latitude = 73 48.69 N
* NMEA Longitude = 007 30.58 E
* NMEA UTC (Time) = Jun 23 2016 11:12:45
* NMEA baud rate = 4800
** Ship: 10 F/F "G. O. Sars"
** Station: 0482
** Echodepth: 720
** Log: 7761
** Wind-Dir Force: 20 14
** Air-temp (dry): 6.7
** Weather Sky: 2 5
** Sea Ice: 3 0
** Par light: 451
# nquan = 17                                
# nvalues = 772                         
# units = specified
# name 0 = scan: Scan Count
# name 1 = prDM: Pressure, Digiquartz [db]
# name 2 = t068C: Temperature [ITS-68, deg C]
# name 3 = t168C: Temperature, 2 [ITS-68, deg C]
# name 4 = c0S/m: Conductivity [S/m]
# name 5 = c1S/m: Conductivity, 2 [S/m]
# name 6 = sbeox0V: Oxygen raw, SBE 43 [V]
# name 7 = altM: Altimeter [m]
# name 8 = flC: Fluorescence, Chelsea Aqua 3 Chl Con [ug/l]
# name 9 = seaTurbMtr: Turbidity, Seapoint [FTU]
# name 10 = sbeox0ML/L: Oxygen, SBE 43 [ml/l], WS = 2
# name 11 = sal00: Salinity, Practical [PSU]
# name 12 = sal11: Salinity, Practical, 2 [PSU]
# name 13 = sigma-t00: Density [sigma-t, Kg/m^3 ]
# name 14 = svCM: Sound Velocity [Chen-Millero, m/s]
# name 15 = avgsvCM: Average Sound Velocity [Chen-Millero, m/s], minP = 1, minS = 5
# name 16 = flag: flag
# span 0 =        711,      21176       
# span 1 =      4.000,    775.000       
# span 2 =    -0.2507,     6.2933       
# span 3 =    -0.2495,     6.2937       
# span 4 =   2.910569,   3.474296       
# span 5 =   2.912573,   3.473372       
# span 6 =     1.9499,     2.5755       
# span 7 =       8.71,      99.43       
# span 8 =     0.0104,     1.0014       
# span 9 =      0.165,      3.666       
# span 10 =    6.62424,    7.34191      
# span 11 =    34.9101,    35.1275      
# span 12 =    34.8946,    35.1169      
# span 13 =    27.6104,    28.0492      
# span 14 =    1458.26,    1476.13      
# span 15 =    1463.82,    1476.11      
# span 16 = 0.0000e+00, 0.0000e+00      
# interval = decibars: 1                
# start_time = Jun 23 2016 11:12:47 [System UTC, header]
# bad_flag = -9.990e-29
*END*
[from data line 426]
      10945    430.000     0.7953     0.7900   2.986914   2.985703     2.1276      98.93     0.0482      0.273    7.01903    34.9324    34.9227    28.0047    1459.68    1467.60 0.0000e+00
      10972    431.000     0.7611     0.7620   2.983860   2.983312     2.1290      98.92     0.0482      0.335    7.03982    34.9306    34.9225    28.0055    1459.54    1467.58 0.0000e+00
      10996    432.000     0.7611     0.7622   2.983938   2.983329     2.1302      98.93     0.0513      0.291    7.04532    34.9310    34.9219    28.0058    1459.56    1467.57 0.0000e+00
      11018    433.000     0.7387     0.7359   2.981961   2.981039     2.1314      98.93     0.0434      0.261    7.05650    34.9300    34.9212    28.0064    1459.47    1467.55 0.0000e+00
      11040    434.000     0.7257     0.7241   2.980851   2.980025     2.1323      98.93     0.0396      0.254    7.04762    34.9296    34.9207    28.0069    1459.43    1467.53 0.0000e+00
      11064    435.000     0.7051     0.7050   2.979075   2.978367     2.1322      98.93     0.0439      0.235    7.04475    34.9291    34.9200    28.0078    1459.35    1467.51 0.0000e+00
      11089    436.000     0.6909     0.6899   2.977915   2.977140     2.1319      98.93     0.0346      0.242    7.03175    34.9294    34.9205    28.0089    1459.30    1467.49 0.0000e+00
      11115    437.000     0.6789     0.6795   2.976898   2.976265     2.1307      98.92     0.0315      0.223    7.02452    34.9291    34.9202    28.0094    1459.27    1467.47 0.0000e+00
      11140    438.000     0.6637     0.6639   2.975599   2.974947     2.1295      98.92     0.0284      0.234    7.02602    34.9287    34.9200    28.0101    1459.21    1467.45 0.0000e+00
      11163    439.000     0.6598     0.6601   2.975323   2.974672     2.1286      98.92     0.0234      0.219    7.01882    34.9289    34.9201    28.0105    1459.21    1467.43 0.0000e+00
      11187    440.000     0.6533     0.6547   2.974763   2.974212     2.1271      98.93     0.0251      0.211    7.01041    34.9283    34.9196    28.0105    1459.20    1467.42 0.0000e+00
      11211    441.000     0.6321     0.6327   2.972920   2.972297     2.1254      98.93     0.0258      0.246    7.00002    34.9276    34.9189    28.0112    1459.12    1467.40 0.0000e+00
      11234    442.000     0.6220     0.6220   2.972097   2.971432     2.1237      98.92     0.0240      0.212    7.00107    34.9277    34.9190    28.0119    1459.09    1467.38 0.0000e+00
      11259    443.000     0.6007     0.5997   2.970154   2.969366     2.1219      98.92     0.0215      0.241    6.99966    34.9258    34.9167    28.0117    1459.01    1467.36 0.0000e+00
      11284    444.000     0.5527     0.5497   2.965753   2.964800     2.1205      98.92     0.0262      0.211    7.01472    34.9219    34.9129    28.0115    1458.80    1467.34 0.0000e+00
      11309    445.000     0.5053     0.5020   2.961538   2.960563     2.1198      98.92     0.0258      0.204    7.02625    34.9197    34.9107    28.0126    1458.60    1467.32 0.0000e+00
      11334    446.000     0.4948     0.4907   2.960685   2.959633     2.1188      98.92     0.0222      0.206    7.01823    34.9198    34.9107    28.0133    1458.57    1467.30 0.0000e+00
      11358    447.000     0.4863     0.4858   2.959960   2.959247     2.1173      98.92     0.0204      0.196    7.00071    34.9194    34.9106    28.0135    1458.54    1467.28 0.0000e+00
      11381    448.000     0.4825     0.4819   2.959629   2.958882     2.1150      98.92     0.0185      0.198    6.96790    34.9187    34.9096    28.0132    1458.54    1467.26 0.0000e+00
      11404    449.000     0.4680     0.4675   2.958397   2.957705     2.1115      98.93     0.0163      0.215    6.94530    34.9184    34.9099    28.0138    1458.49    1467.24 0.0000e+00
      11427    450.000     0.4618     0.4591   2.957843   2.956938     2.1077      98.92     0.0187      0.201    6.92110    34.9175    34.9088    28.0135    1458.48    1467.22 0.0000e+00
      11453    451.000     0.4504     0.4491   2.956954   2.956160     2.1027      98.92     0.0200      0.196    6.89739    34.9182    34.9093    28.0147    1458.45    1467.20 0.0000e+00
      11479    452.000     0.4477     0.4483   2.956737   2.956150     2.0981      98.93     0.0203      0.194    6.88523    34.9178    34.9095    28.0145    1458.45    1467.18 0.0000e+00
      11503    453.000     0.4554     0.4567   2.957555   2.957032     2.0941      98.92     0.0167      0.249    6.87420    34.9192    34.9109    28.0152    1458.50    1467.16 0.0000e+00
      11526    454.000     0.4578     0.4595   2.957792   2.957305     2.0907      98.92     0.0165      0.197    6.86901    34.9190    34.9107    28.0149    1458.53    1467.14 0.0000e+00
      11550    455.000     0.4575     0.4581   2.957845   2.957251     2.0877      98.92     0.0190      0.200    6.87253    34.9195    34.9110    28.0153    1458.54    1467.12 0.0000e+00
      11575    456.000     0.4581     0.4591   2.957967   2.957412     2.0856      98.92     0.0207      0.196    6.87676    34.9198    34.9114    28.0155    1458.56    1467.11 0.0000e+00
      11599    457.000     0.4552     0.4544   2.957744   2.957023     2.0840      98.92     0.0184      0.267    6.88383    34.9196    34.9110    28.0155    1458.57    1467.09 0.0000e+00
      11623    458.000     0.4510     0.4507   2.957430   2.956749     2.0832      98.93     0.0196      0.236    6.89097    34.9196    34.9110    28.0158    1458.56    1467.07 0.0000e+00
      11647    459.000     0.4503     0.4503   2.957404   2.956763     2.0824      98.93     0.0206      0.196    6.88656    34.9195    34.9111    28.0157    1458.58    1467.05 0.0000e+00
      11672    460.000     0.4489     0.4493   2.957315   2.956715     2.0817      98.93     0.0198      0.193    6.89187    34.9193    34.9110    28.0157    1458.59    1467.03 0.0000e+00
      11698    461.000     0.4462     0.4467   2.957127   2.956518     2.0814      98.92     0.0205      0.194    6.89367    34.9193    34.9108    28.0158    1458.59    1467.01 0.0000e+00
      11723    462.000     0.4441     0.4445   2.956984   2.956388     2.0809      98.92     0.0213      0.192    6.89181    34.9192    34.9109    28.0159    1458.60    1466.99 0.0000e+00
      11747    463.000     0.4408     0.4416   2.956720   2.956144     2.0805      98.92     0.0204      0.193    6.89391    34.9189    34.9104    28.0158    1458.60    1466.98 0.0000e+00
      11769    464.000     0.4342     0.4344   2.956230   2.955604     2.0804      98.92     0.0200      0.208    6.89500    34.9193    34.9109    28.0166    1458.59    1466.96 0.0000e+00
      11792    465.000     0.4342     0.4346   2.956277   2.955666     2.0799      98.92     0.0229      0.196    6.89048    34.9193    34.9109    28.0166    1458.60    1466.94 0.0000e+00
      11817    466.000     0.4297     0.4279   2.955899   2.955008     2.0794      98.93     0.0207      0.284    6.88661    34.9189    34.9093    28.0165    1458.60    1466.92 0.0000e+00
      11843    467.000     0.4083     0.4066   2.954053   2.953338     2.0785      98.92     0.0208      0.219    6.88687    34.9183    34.9109    28.0173    1458.52    1466.90 0.0000e+00
      11866    468.000     0.3834     0.3802   2.951861   2.950942     2.0778      98.92     0.0216      0.197    6.89088    34.9171    34.9087    28.0178    1458.42    1466.89 0.0000e+00
      11889    469.000     0.3682     0.3681   2.950665   2.949999     2.0774      98.92     0.0208      0.207    6.90150    34.9180    34.9094    28.0194    1458.37    1466.87 0.0000e+00
      11913    470.000     0.3640     0.3640   2.950336   2.949690     2.0773      98.92     0.0196      0.197    6.90555    34.9179    34.9094    28.0195    1458.36    1466.85 0.0000e+00
      11939    471.000     0.3625     0.3630   2.950239   2.949637     2.0772      98.93     0.0198      0.199    6.90731    34.9177    34.9092    28.0195    1458.37    1466.83 0.0000e+00
      11965    472.000     0.3594     0.3591   2.950019   2.949341     2.0774      98.92     0.0214      0.197    6.91417    34.9177    34.9092    28.0197    1458.37    1466.81 0.0000e+00
      11988    473.000     0.3572     0.3576   2.949878   2.949250     2.0775      98.92     0.0231      0.232    6.91187    34.9178    34.9091    28.0199    1458.38    1466.80 0.0000e+00
      12011    474.000     0.3551     0.3561   2.949740   2.949168     2.0774      98.93     0.0312      0.199    6.91033    34.9177    34.9091    28.0200    1458.39    1466.78 0.0000e+00
      12033    475.000     0.3512     0.3511   2.949430   2.948772     2.0772      98.92     0.0245      0.211    6.91136    34.9175    34.9090    28.0200    1458.39    1466.76 0.0000e+00
      12057    476.000     0.3409     0.3434   2.948544   2.948105     2.0771      98.92     0.0201      0.192    6.91300    34.9169    34.9083    28.0201    1458.35    1466.74 0.0000e+00
      12082    477.000     0.3284     0.3294   2.947491   2.946895     2.0767      98.93     0.0173      0.195    6.90555    34.9166    34.9077    28.0206    1458.31    1466.72 0.0000e+00
      12107    478.000     0.3195     0.3166   2.946776   2.945904     2.0759      98.93     0.0183      0.225    6.90765    34.9167    34.9086    28.0212    1458.29    1466.71 0.0000e+00
      12131    479.000     0.3090     0.3109   2.945921   2.945433     2.0754      98.93     0.0218      0.212    6.90147    34.9168    34.9082    28.0219    1458.26    1466.69 0.0000e+00
      12153    480.000     0.3085     0.3091   2.945938   2.945306     2.0745      98.92     0.0301      0.196    6.89457    34.9170    34.9080    28.0221    1458.27    1466.67 0.0000e+00
      12177    481.000     0.3045     0.3056   2.945626   2.945057     2.0733      98.93     0.0254      0.208    6.89156    34.9168    34.9081    28.0222    1458.27    1466.65 0.0000e+00
      12203    482.000     0.3028     0.3029   2.945532   2.944884     2.0725      98.92     0.0210      0.212    6.90265    34.9169    34.9083    28.0223    1458.28    1466.64 0.0000e+00
      12229    483.000     0.3034     0.3039   2.945636   2.945026     2.0724      98.92     0.0176      0.256    6.90458    34.9170    34.9084    28.0224    1458.30    1466.62 0.0000e+00
      12253    484.000     0.3049     0.3059   2.945811   2.945260     2.0720      98.93     0.0197      0.202    6.90031    34.9170    34.9087    28.0223    1458.32    1466.60 0.0000e+00
      12276    485.000     0.3051     0.3057   2.945869   2.945265     2.0714      98.92     0.0238      0.204    6.89578    34.9169    34.9084    28.0222    1458.34    1466.58 0.0000e+00
      12299    486.000     0.3034     0.3034   2.945776   2.945127     2.0710      76.64     0.0245      0.203    6.88635    34.9171    34.9085    28.0224    1458.35    1466.57 0.0000e+00
      12324    487.000     0.3014     0.2969   2.945603   2.944520     2.0697      57.62     0.0243      0.196    6.89384    34.9165    34.9073    28.0221    1458.35    1466.55 0.0000e+00
      12349    488.000     0.2781     0.2763   2.943598   2.942810     2.0696      99.43     0.0252      0.343    6.89308    34.9159    34.9076    28.0229    1458.26    1466.53 0.0000e+00
      12372    489.000     0.2766     0.2771   2.943585   2.942964     2.0687      98.92     0.0201      0.198    6.89135    34.9168    34.9081    28.0238    1458.27    1466.52 0.0000e+00
      12395    490.000     0.2762     0.2764   2.943589   2.942954     2.0682      98.93     0.0178      0.206    6.89869    34.9167    34.9082    28.0237    1458.29    1466.50 0.0000e+00
      12420    491.000     0.2754     0.2756   2.943569   2.942921     2.0682      98.92     0.0181      0.193    6.89836    34.9168    34.9080    28.0238    1458.30    1466.48 0.0000e+00
      12445    492.000     0.2752     0.2754   2.943587   2.942952     2.0677      98.93     0.0186      0.198    6.89622    34.9167    34.9081    28.0237    1458.32    1466.47 0.0000e+00
      12470    493.000     0.2747     0.2752   2.943601   2.942987     2.0675      98.92     0.0184      0.193    6.90018    34.9168    34.9082    28.0239    1458.33    1466.45 0.0000e+00
      12493    494.000     0.2739     0.2745   2.943571   2.942969     2.0674      98.92     0.0188      0.187    6.90647    34.9167    34.9081    28.0239    1458.34    1466.43 0.0000e+00
      12516    495.000     0.2736     0.2739   2.943599   2.942959     2.0676      98.92     0.0182      0.193    6.90625    34.9168    34.9081    28.0240    1458.36    1466.42 0.0000e+00
      12540    496.000     0.2737     0.2740   2.943652   2.943021     2.0675      98.92     0.0153      0.192    6.90465    34.9168    34.9082    28.0240    1458.38    1466.40 0.0000e+00
      12563    497.000     0.2733     0.2734   2.943658   2.943006     2.0675      98.92     0.0175      0.198    6.90637    34.9168    34.9081    28.0239    1458.39    1466.38 0.0000e+00
      12586    498.000     0.2726     0.2731   2.943644   2.943036     2.0675      98.93     0.0198      0.190    6.91127    34.9168    34.9082    28.0240    1458.40    1466.37 0.0000e+00
      12608    499.000     0.2720     0.2722   2.943635   2.943003     2.0678      98.92     0.0199      0.196    6.91547    34.9168    34.9082    28.0240    1458.42    1466.35 0.0000e+00
      12630    500.000     0.2716     0.2718   2.943653   2.943012     2.0677      84.94     0.0184      0.196    6.89685    34.9169    34.9082    28.0241    1458.43    1466.34 0.0000e+00
      12655    501.000     0.2714     0.2715   2.943675   2.943024     2.0671      68.52     0.0181      0.289    6.91754    34.9168    34.9081    28.0240    1458.45    1466.32 0.0000e+00
      12681    502.000     0.2712     0.2717   2.943710   2.943094     2.0677      99.08     0.0199      0.200    6.91346    34.9169    34.9082    28.0241    1458.46    1466.31 0.0000e+00
      12705    503.000     0.2718     0.2719   2.943809   2.943160     2.0675      98.93     0.0193      0.220    6.90714    34.9169    34.9083    28.0241    1458.48    1466.29 0.0000e+00
      12728    504.000     0.2664     0.2664   2.943364   2.942699     2.0671      98.92     0.0239      0.213    6.90161    34.9166    34.9078    28.0242    1458.47    1466.27 0.0000e+00
      12751    505.000     0.2620     0.2613   2.943054   2.942336     2.0666      98.92     0.0214      0.220    6.90846    34.9169    34.9082    28.0247    1458.47    1466.26 0.0000e+00
      12774    506.000     0.2588     0.2587   2.942803   2.942349     2.0666      98.92     0.0173      0.262    6.91816    34.9166    34.9108    28.0246    1458.47    1466.24 0.0000e+00
      12799    507.000     0.2565     0.2558   2.942649   2.942363     2.0670      98.92     0.0180      0.196    6.92566    34.9166    34.9136    28.0247    1458.48    1466.23 0.0000e+00
      12823    508.000     0.2561     0.2562   2.942671   2.942053     2.0676      98.92     0.0199      0.187    6.92706    34.9167    34.9085    28.0249    1458.49    1466.21 0.0000e+00
      12848    509.000     0.2564     0.2559   2.942731   2.942342     2.0677      98.91     0.0193      0.191    6.92590    34.9166    34.9121    28.0248    1458.51    1466.20 0.0000e+00
      12872    510.000     0.2559     0.2577   2.942732   2.942504     2.0679      98.91     0.0230      0.195    6.93243    34.9166    34.9116    28.0248    1458.52    1466.18 0.0000e+00
      12895    511.000     0.2555     0.2607   2.942743   2.942647     2.0684      98.91     0.0329      0.197    6.92914    34.9166    34.9095    28.0248    1458.54    1466.17 0.0000e+00
      12919    512.000     0.2553     0.2619   2.942770   2.942766     2.0681      98.91     0.0282      0.188    6.91962    34.9166    34.9091    28.0248    1458.55    1466.15 0.0000e+00
      12941    513.000     0.2532     0.2630   2.942616   2.942852     2.0678      98.91     0.0218      0.197    6.92287    34.9163    34.9084    28.0247    1458.56    1466.14 0.0000e+00
