Physical_Data/CTD_Data/Example_Data/sta0477.cnv
* Sea-Bird SBE 9 Data File:
* FileName = C:\Seabird\CTDData\sta0477.hex
* Software Version Seasave V 7.21f
* Temperature SN = 4340
* Conductivity SN = 3012
* Number of Bytes Per Scan = 34
* Number of Voltage Words = 3
* Number of Scans Averaged by the Deck Unit = 1
* NMEA Latitude = 73 49.54 N
* NMEA Longitude = 007 28.68 E
* NMEA UTC (Time) = Jun 22 2016 08:27:40
* NMEA baud rate = 4800
** Ship: 10 F/F "G. O. Sars"
** Station: 0477
** Echodepth: 1000
** Log: 7736.632
** Wind-Dir Force: 33 02
** Air-temp (dry): 7.7
** Weather Sky: 2 5
** Sea Ice: 2 0
** Par light: 451
# nquan = 17                                
# nvalues = 999                         
# units = specified
# name 0 = scan: Scan Count
# name 1 = prDM: Pressure, Digiquartz [db]
# name 2 = t068C: Temperature [ITS-68, deg C]
# name 3 = t168C: Temperature, 2 [ITS-68, deg C]
# name 4 = c0S/m: Conductivity [S/m]
# name 5 = c1S/m: Conductivity, 2 [S/m]
# name 6 = sbeox0V: Oxygen raw, SBE 43 [V]
# name 7 = altM: Altimeter [m]
# name 8 = flC: Fluorescence, Chelsea Aqua 3 Chl Con [ug/l]
# name 9 = seaTurbMtr: Turbidity, Seapoint [FTU]
# name 10 = sbeox0ML/L: Oxygen, SBE 43 [ml/l], WS = 2
# name 11 = sal00: Salinity, Practical [PSU]
# name 12 = sal11: Salinity, Practical, 2 [PSU]
# name 13 = sigma-t00: Density [sigma-t, Kg/m^3 ]
# name 14 = svCM: Sound Velocity [Chen-Millero, m/s]
# name 15 = avgsvCM: Average Sound Velocity [Chen-Millero, m/s], minP = 1, minS = 5
# name 16 = flag: flag
# span 0 =        682,      26537       
# span 1 =      4.000,   1002.000       
# span 2 =    -0.4959,     6.1466       
# span 3 =    -0.4907,     6.1500       
# span 4 =   2.899612,   3.460506       
# span 5 =   2.902099,   3.459873       
# span 6 =     1.8939,     2.5608       
# span 7 =       7.23,      99.18       
# span 8 =     0.0084,     1.2135       
# span 9 =      0.165,      2.573       
# span 10 =    6.58015,    7.32995      
# span 11 =    34.9062,    35.1347      
# span 12 =    34.8979,    35.1252      
# span 13 =    27.6264,    28.0588      
# span 14 =    1457.39,    1475.57      
# span 15 =    1462.72,    1475.50      
# span 16 = 0.0000e+00, 0.0000e+00      
# interval = decibars: 1                
# start_time = Jun 22 2016 08:27:43 [System UTC, header]
# bad_flag = -9.990e-29
*END*
[from data line 681]
      17017    685.000    -0.2153    -0.1871   2.909780   2.911433     1.9669      87.61     0.0143      0.190    6.72414    34.9122    34.9020    28.0467    1459.23    1463.43 0.0000e+00
      17041    686.000    -0.2206    -0.1878   2.909348   2.911405     1.9671      98.96     0.0121      0.217    6.71408    34.9119    34.9019    28.0467    1459.22    1463.43 0.0000e+00
      17065    687.000    -0.2264    -0.1885   2.908910   2.911407     1.9665      98.92     0.0119      0.189    6.71753    34.9120    34.9021    28.0471    1459.21    1463.42 0.0000e+00
      17089    688.000    -0.2292    -0.1890   2.908724   2.911419     1.9666      98.91     0.0120      0.210    6.72260    34.9122    34.9023    28.0474    1459.21    1463.41 0.0000e+00
      17113    689.000    -0.2313    -0.1895   2.908584   2.911388     1.9664      98.91     0.0118      0.177    6.71889    34.9121    34.9018    28.0474    1459.22    1463.41 0.0000e+00
      17137    690.000    -0.2318    -0.1904   2.908589   2.911391     1.9660      98.91     0.0153      0.200    6.71525    34.9121    34.9023    28.0475    1459.23    1463.40 0.0000e+00
      17161    691.000    -0.2318    -0.1914   2.908638   2.911405     1.9657      98.91     0.0175      0.178    6.71474    34.9122    34.9030    28.0475    1459.25    1463.40 0.0000e+00
      17186    692.000    -0.2319    -0.1915   2.908676   2.911402     1.9654      98.91     0.0200      0.177    6.71592    34.9122    34.9025    28.0476    1459.27    1463.39 0.0000e+00
      17210    693.000    -0.2317    -0.1915   2.908742   2.911385     1.9650      98.91     0.0183      0.177    6.71107    34.9123    34.9017    28.0476    1459.28    1463.38 0.0000e+00
      17233    694.000    -0.2320    -0.1923   2.908760   2.911354     1.9645      98.91     0.0181      0.217    6.70965    34.9123    34.9016    28.0476    1459.30    1463.38 0.0000e+00
      17257    695.000    -0.2328    -0.1933   2.908722   2.911346     1.9641      98.91     0.0160      0.202    6.71340    34.9121    34.9020    28.0475    1459.31    1463.37 0.0000e+00
      17281    696.000    -0.2335    -0.1938   2.908725   2.911326     1.9639      98.91     0.0148      0.188    6.71495    34.9123    34.9017    28.0477    1459.33    1463.37 0.0000e+00
      17305    697.000    -0.2331    -0.1945   2.908800   2.911293     1.9638      98.91     0.0133      0.186    6.70865    34.9123    34.9015    28.0477    1459.34    1463.36 0.0000e+00
      17329    698.000    -0.2337    -0.1958   2.908783   2.911237     1.9628      60.64     0.0143      0.174    6.71270    34.9122    34.9017    28.0476    1459.36    1463.36 0.0000e+00
      17353    699.000    -0.2344    -0.1967   2.908777   2.911206     1.9639      98.93     0.0155      0.174    6.73732    34.9123    34.9017    28.0477    1459.37    1463.35 0.0000e+00
      17378    700.000    -0.2342    -0.1978   2.908833   2.911162     1.9638      98.91     0.0163      0.247    6.71583    34.9122    34.9018    28.0477    1459.39    1463.34 0.0000e+00
      17403    701.000    -0.2342    -0.1985   2.908886   2.911110     1.9636      98.91     0.0155      0.194    6.72079    34.9123    34.9013    28.0477    1459.40    1463.34 0.0000e+00
      17427    702.000    -0.2341    -0.1997   2.908944   2.911040     1.9634      98.92     0.0149      0.180    6.71922    34.9124    34.9011    28.0478    1459.42    1463.33 0.0000e+00
      17449    703.000    -0.2342    -0.2008   2.908974   2.910977     1.9634      98.92     0.0162      0.200    6.71653    34.9123    34.9009    28.0477    1459.44    1463.33 0.0000e+00
      17472    704.000    -0.2348    -0.2023   2.908971   2.910888     1.9629      98.91     0.0141      0.201    6.71873    34.9124    34.9009    28.0478    1459.45    1463.32 0.0000e+00
      17497    705.000    -0.2349    -0.2040   2.909006   2.910833     1.9630      98.92     0.0112      0.181    6.71967    34.9123    34.9015    28.0478    1459.47    1463.32 0.0000e+00
      17523    706.000    -0.2351    -0.2061   2.909020   2.910754     1.9627      98.91     0.0110      0.230    6.72118    34.9122    34.9022    28.0477    1459.48    1463.31 0.0000e+00
      17549    707.000    -0.2352    -0.2070   2.909065   2.910680     1.9625      98.92     0.0144      0.176    6.70876    34.9123    34.9017    28.0478    1459.50    1463.31 0.0000e+00
      17572    708.000    -0.2348    -0.2080   2.909149   2.910609     1.9619      98.91     0.0149      0.174    6.71782    34.9124    34.9013    28.0478    1459.52    1463.30 0.0000e+00
      17594    709.000    -0.2348    -0.2093   2.909193   2.910574     1.9619      98.91     0.0149      0.178    6.71741    34.9124    34.9017    28.0478    1459.53    1463.29 0.0000e+00
      17616    710.000    -0.2357    -0.2099   2.909160   2.910529     1.9617      98.91     0.0124      0.181    6.71417    34.9123    34.9012    28.0478    1459.55    1463.29 0.0000e+00
      17640    711.000    -0.2362    -0.2118   2.909165   2.910486     1.9611      98.91     0.0121      0.249    6.69766    34.9124    34.9022    28.0479    1459.56    1463.28 0.0000e+00
      17666    712.000    -0.2357    -0.2127   2.909250   2.910460     1.9598      83.21     0.0109      0.184    6.70857    34.9124    34.9023    28.0479    1459.58    1463.28 0.0000e+00
      17692    713.000    -0.2368    -0.2131   2.909196   2.910456     1.9601      98.87     0.0134      0.183    6.71542    34.9123    34.9021    28.0479    1459.59    1463.27 0.0000e+00
      17716    714.000    -0.2382    -0.2137   2.909126   2.910442     1.9600      98.92     0.0149      0.175    6.71405    34.9124    34.9020    28.0480    1459.60    1463.27 0.0000e+00
      17739    715.000    -0.2395    -0.2145   2.909062   2.910421     1.9596      98.91     0.0125      0.178    6.71355    34.9124    34.9020    28.0481    1459.61    1463.26 0.0000e+00
      17762    716.000    -0.2400    -0.2151   2.909053   2.910410     1.9595      98.91     0.0137      0.174    6.71389    34.9123    34.9020    28.0480    1459.62    1463.26 0.0000e+00
      17785    717.000    -0.2416    -0.2162   2.908975   2.910390     1.9594      98.91     0.0157      0.173    6.71866    34.9125    34.9024    28.0482    1459.63    1463.25 0.0000e+00
      17810    718.000    -0.2420    -0.2173   2.908982   2.910388     1.9594      98.91     0.0170      0.177    6.71862    34.9124    34.9030    28.0482    1459.65    1463.25 0.0000e+00
      17834    719.000    -0.2424    -0.2171   2.908979   2.910377     1.9594      98.91     0.0176      0.177    6.72367    34.9122    34.9021    28.0481    1459.66    1463.24 0.0000e+00
      17858    720.000    -0.2473    -0.2182   2.908596   2.910369     1.9596      98.91     0.0198      0.177    6.72607    34.9121    34.9026    28.0483    1459.66    1463.24 0.0000e+00
      17882    721.000    -0.2492    -0.2182   2.908491   2.910348     1.9597      98.91     0.0177      0.180    6.72309    34.9123    34.9017    28.0485    1459.66    1463.23 0.0000e+00
      17907    722.000    -0.2552    -0.2195   2.908006   2.910328     1.9595      98.91     0.0139      0.232    6.72238    34.9121    34.9024    28.0486    1459.65    1463.23 0.0000e+00
      17932    723.000    -0.2566    -0.2198   2.907960   2.910311     1.9593      98.91     0.0144      0.214    6.72224    34.9125    34.9019    28.0490    1459.66    1463.22 0.0000e+00
      17956    724.000    -0.2569    -0.2204   2.907959   2.910314     1.9592      98.91     0.0134      0.175    6.72170    34.9122    34.9020    28.0488    1459.68    1463.22 0.0000e+00
      17979    725.000    -0.2594    -0.2215   2.907814   2.910319     1.9586      97.25     0.0165      0.182    6.70730    34.9126    34.9027    28.0492    1459.68    1463.21 0.0000e+00
      18002    726.000    -0.2623    -0.2222   2.907600   2.910340     1.9579      93.13     0.0135      0.177    6.71864    34.9124    34.9032    28.0492    1459.69    1463.21 0.0000e+00
      18025    727.000    -0.2635    -0.2217   2.907551   2.910331     1.9580      98.80     0.0142      0.180    6.71936    34.9125    34.9020    28.0494    1459.70    1463.20 0.0000e+00
      18048    728.000    -0.2636    -0.2223   2.907596   2.910301     1.9574      98.91     0.0162      0.176    6.71180    34.9127    34.9016    28.0495    1459.71    1463.20 0.0000e+00
      18074    729.000    -0.2634    -0.2236   2.907654   2.910301     1.9570      98.92     0.0162      0.222    6.72159    34.9126    34.9025    28.0495    1459.73    1463.19 0.0000e+00
      18100    730.000    -0.2639    -0.2240   2.907655   2.910292     1.9571      98.92     0.0151      0.174    6.72043    34.9126    34.9023    28.0495    1459.75    1463.19 0.0000e+00
      18124    731.000    -0.2641    -0.2251   2.907681   2.910275     1.9569      98.91     0.0156      0.180    6.72305    34.9126    34.9027    28.0495    1459.76    1463.19 0.0000e+00
      18147    732.000    -0.2640    -0.2252   2.907745   2.910257     1.9569      98.92     0.0157      0.200    6.72187    34.9127    34.9020    28.0496    1459.78    1463.18 0.0000e+00
      18169    733.000    -0.2640    -0.2263   2.907783   2.910221     1.9566      98.91     0.0164      0.178    6.71948    34.9127    34.9022    28.0495    1459.79    1463.18 0.0000e+00
      18193    734.000    -0.2640    -0.2276   2.907825   2.910185     1.9566      98.91     0.0194      0.175    6.72569    34.9126    34.9026    28.0495    1459.81    1463.17 0.0000e+00
      18219    735.000    -0.2645    -0.2286   2.907826   2.910169     1.9567      98.91     0.0154      0.175    6.73242    34.9126    34.9029    28.0495    1459.82    1463.17 0.0000e+00
      18244    736.000    -0.2657    -0.2286   2.907778   2.910124     1.9569      98.91     0.0124      0.175    6.73038    34.9128    34.9017    28.0497    1459.84    1463.16 0.0000e+00
      18267    737.000    -0.2664    -0.2294   2.907748   2.910070     1.9570      98.92     0.0121      0.175    6.73022    34.9126    34.9013    28.0496    1459.85    1463.16 0.0000e+00
      18291    738.000    -0.2667    -0.2308   2.907778   2.910016     1.9569      98.91     0.0132      0.182    6.73152    34.9127    34.9016    28.0497    1459.86    1463.15 0.0000e+00
      18315    739.000    -0.2684    -0.2309   2.907671   2.909934     1.9570      98.92     0.0128      0.179    6.73200    34.9126    34.9001    28.0497    1459.87    1463.15 0.0000e+00
      18339    740.000    -0.2700    -0.2327   2.907580   2.909847     1.9569      98.91     0.0136      0.183    6.73436    34.9127    34.9004    28.0498    1459.88    1463.14 0.0000e+00
      18364    741.000    -0.2710    -0.2356   2.907551   2.909759     1.9571      98.91     0.0165      0.177    6.73410    34.9128    34.9019    28.0500    1459.89    1463.14 0.0000e+00
      18387    742.000    -0.2716    -0.2365   2.907540   2.909684     1.9568      98.91     0.0175      0.174    6.72841    34.9128    34.9013    28.0500    1459.91    1463.14 0.0000e+00
      18410    743.000    -0.2727    -0.2379   2.907491   2.909629     1.9566      98.91     0.0169      0.171    6.72689    34.9128    34.9016    28.0500    1459.92    1463.13 0.0000e+00
      18433    744.000    -0.2740    -0.2394   2.907437   2.909528     1.9563      98.92     0.0157      0.173    6.72798    34.9129    34.9014    28.0503    1459.93    1463.13 0.0000e+00
      18456    745.000    -0.2757    -0.2417   2.907329   2.909476     1.9559      98.91     0.0151      0.171    6.72855    34.9129    34.9027    28.0503    1459.94    1463.12 0.0000e+00
      18481    746.000    -0.2764    -0.2427   2.907324   2.909454     1.9558      98.92     0.0163      0.202    6.73353    34.9130    34.9030    28.0504    1459.95    1463.12 0.0000e+00
      18506    747.000    -0.2796    -0.2436   2.907086   2.909428     1.9557      98.91     0.0148      0.192    6.73470    34.9129    34.9031    28.0505    1459.95    1463.11 0.0000e+00
      18529    748.000    -0.2811    -0.2436   2.907026   2.909388     1.9557      98.91     0.0152      0.169    6.72813    34.9132    34.9019    28.0508    1459.96    1463.11 0.0000e+00
      18552    749.000    -0.2798    -0.2449   2.907174   2.909366     1.9551      98.92     0.0146      0.180    6.72461    34.9131    34.9025    28.0507    1459.99    1463.11 0.0000e+00
      18575    750.000    -0.2809    -0.2461   2.907123   2.909364     1.9549      98.91     0.0131      0.175    6.73346    34.9131    34.9033    28.0507    1460.00    1463.10 0.0000e+00
      18598    751.000    -0.2815    -0.2458   2.907127   2.909346     1.9550      98.91     0.0169      0.191    6.74115    34.9132    34.9021    28.0509    1460.01    1463.10 0.0000e+00
      18622    752.000    -0.2812    -0.2459   2.907196   2.909316     1.9553      98.91     0.0167      0.178    6.74479    34.9132    34.9013    28.0508    1460.03    1463.09 0.0000e+00
      18647    753.000    -0.2822    -0.2468   2.907144   2.909275     1.9555      98.91     0.0153      0.286    6.74331    34.9131    34.9011    28.0508    1460.04    1463.09 0.0000e+00
      18672    754.000    -0.2846    -0.2484   2.906998   2.909247     1.9554      98.92     0.0171      0.170    6.73614    34.9133    34.9020    28.0510    1460.05    1463.09 0.0000e+00
      18695    755.000    -0.2858    -0.2496   2.906940   2.909204     1.9551      98.91     0.0187      0.177    6.73622    34.9133    34.9022    28.0511    1460.06    1463.08 0.0000e+00
      18718    756.000    -0.2866    -0.2505   2.906927   2.909174     1.9550      98.91     0.0186      0.176    6.74738    34.9134    34.9022    28.0513    1460.07    1463.08 0.0000e+00
      18741    757.000    -0.2867    -0.2513   2.906962   2.909132     1.9557      98.91     0.0180      0.214    6.75576    34.9134    34.9020    28.0513    1460.09    1463.07 0.0000e+00
      18764    758.000    -0.2867    -0.2524   2.907008   2.909094     1.9557      98.91     0.0144      0.175    6.74810    34.9134    34.9022    28.0513    1460.10    1463.07 0.0000e+00
      18788    759.000    -0.2855    -0.2532   2.907142   2.909047     1.9557      98.91     0.0138      0.175    6.74694    34.9133    34.9019    28.0511    1460.12    1463.07 0.0000e+00
      18812    760.000    -0.2880    -0.2542   2.906978   2.908974     1.9558      98.92     0.0149      0.171    6.74830    34.9133    34.9014    28.0513    1460.13    1463.06 0.0000e+00
      18835    761.000    -0.2902    -0.2558   2.906839   2.908921     1.9556      98.91     0.0179      0.186    6.74770    34.9134    34.9020    28.0514    1460.14    1463.06 0.0000e+00
      18859    762.000    -0.2915    -0.2572   2.906762   2.908895     1.9555      98.92     0.0195      0.176    6.74727    34.9133    34.9026    28.0514    1460.15    1463.05 0.0000e+00
      18884    763.000    -0.2923    -0.2577   2.906741   2.908864     1.9554      98.91     0.0189      0.172    6.74971    34.9133    34.9022    28.0515    1460.16    1463.05 0.0000e+00
      18907    764.000    -0.2941    -0.2589   2.906615   2.908811     1.9554      98.91     0.0187      0.172    6.75127    34.9131    34.9023    28.0514    1460.17    1463.05 0.0000e+00
      18930    765.000    -0.2959    -0.2598   2.906516   2.908763     1.9553      98.91     0.0163      0.168    6.74413    34.9132    34.9021    28.0516    1460.17    1463.04 0.0000e+00
      18952    766.000    -0.2980    -0.2611   2.906386   2.908712     1.9546      98.91     0.0145      0.170    6.74115    34.9133    34.9023    28.0517    1460.18    1463.04 0.0000e+00
      18975    767.000    -0.3014    -0.2610   2.906118   2.908668     1.9544      98.92     0.0145      0.174    6.74725    34.9130    34.9010    28.0517    1460.18    1463.04 0.0000e+00
      19000    768.000    -0.3054    -0.2622   2.905816   2.908621     1.9544      98.91     0.0146      0.170    6.75063    34.9130    34.9011    28.0518    1460.18    1463.03 0.0000e+00
