Physical_Data/CTD_Data/Example_Data/sta0472.cnv
* Sea-Bird SBE 9 Data File:
* FileName = C:\Seabird\CTDData\sta0472.hex
* Software Version Seasave V 7.21f
* Temperature SN = 4340
* Conductivity SN = 3012
* Number of Bytes Per Scan = 34
* Number of Voltage Words = 3
* Number of Scans Averaged by the Deck Unit = 1
* NMEA Latitude = 73 38.90 N
* NMEA Longitude = 007 52.73 E
* NMEA UTC (Time) = Jun 20 2016 07:58:48
* NMEA baud rate = 4800
** Ship: 10 F/F "G. O. Sars"
** Station: 0472
** Echodepth: 2462
** Log: 7650.124
** Wind-Dir Force: 23 12
** Air-temp (dry): 4.9
** Weather Sky: 2 5
** Sea Ice: 3 0
** Par light: 451
# nquan = 17                                
# nvalues = 2477                        
# units = specified
# name 0 = scan: Scan Count
# name 1 = prDM: Pressure, Digiquartz [db]
# name 2 = t068C: Temperature [ITS-68, deg C]
# name 3 = t168C: Temperature, 2 [ITS-68, deg C]
# name 4 = c0S/m: Conductivity [S/m]
# name 5 = c1S/m: Conductivity, 2 [S/m]
# name 6 = sbeox0V: Oxygen raw, SBE 43 [V]
# name 7 = altM: Altimeter [m]
# name 8 = flC: Fluorescence, Chelsea Aqua 3 Chl Con [ug/l]
# name 9 = seaTurbMtr: Turbidity, Seapoint [FTU]
# name 10 = sbeox0ML/L: Oxygen, SBE 43 [ml/l], WS = 2
# name 11 = sal00: Salinity, Practical [PSU]
# name 12 = sal11: Salinity, Practical, 2 [PSU]
# name 13 = sigma-t00: Density [sigma-t, Kg/m^3 ]
# name 14 = svCM: Sound Velocity [Chen-Millero, m/s]
# name 15 = avgsvCM: Average Sound Velocity [Chen-Millero, m/s], minP = 1, minS = 5
# name 16 = flag: flag
# span 0 =       1177,      72497       
# span 1 =      5.000,   2481.000       
# span 2 =    -0.7408,     6.2360       
# span 3 =    -0.7346,     6.2377       
# span 4 =   2.906807,   3.469960       
# span 5 =   2.908457,   3.469538       
# span 6 =     1.6192,     2.4902       
# span 7 =      10.89,      99.90       
# span 8 =     0.0073,     1.0414       
# span 9 =      0.135,      3.417       
# span 10 =    4.74118,    7.73389      
# span 11 =    34.9093,    35.1315      
# span 12 =    34.8953,    35.1251      
# span 13 =    27.6262,    28.0745      
# span 14 =    1460.15,    1486.92      
# span 15 =    1465.40,    1475.98      
# span 16 = 0.0000e+00, 0.0000e+00      
# interval = decibars: 1                
# start_time = Jun 20 2016 07:58:50 [System UTC, header]
# bad_flag = -9.990e-29
*END*
[from data line 1618]
      39835   1623.000    -0.6725    -0.6497   2.911225   2.912265     1.8398      98.91     0.0169      0.194    7.01793    34.9129    34.9009    28.0690    1472.69    1466.50 0.0000e+00
      39858   1624.000    -0.6735    -0.6505   2.911185   2.912279     1.8392      98.91     0.0168      0.164    7.01863    34.9129    34.9014    28.0691    1472.70    1466.50 0.0000e+00
      39881   1625.000    -0.6726    -0.6507   2.911304   2.912282     1.8387      98.91     0.0157      0.152    7.01491    34.9129    34.9011    28.0691    1472.72    1466.50 0.0000e+00
      39905   1626.000    -0.6727    -0.6508   2.911322   2.912288     1.8379      98.91     0.0150      0.160    7.00626    34.9127    34.9008    28.0689    1472.74    1466.51 0.0000e+00
      39927   1627.000    -0.6745    -0.6515   2.911219   2.912293     1.8371      98.91     0.0155      0.166    7.00121    34.9128    34.9011    28.0691    1472.75    1466.51 0.0000e+00
      39950   1628.000    -0.6742    -0.6523   2.911289   2.912298     1.8363      98.91     0.0174      0.158    7.00194    34.9129    34.9015    28.0691    1472.76    1466.52 0.0000e+00
      39974   1629.000    -0.6745    -0.6521   2.911294   2.912310     1.8355      98.91     0.0170      0.160    6.99741    34.9127    34.9009    28.0690    1472.78    1466.52 0.0000e+00
      39998   1630.000    -0.6757    -0.6525   2.911245   2.912328     1.8349      98.91     0.0154      0.157    6.99536    34.9129    34.9010    28.0692    1472.79    1466.52 0.0000e+00
      40021   1631.000    -0.6757    -0.6530   2.911280   2.912338     1.8338      98.91     0.0120      0.160    6.99107    34.9128    34.9011    28.0691    1472.81    1466.53 0.0000e+00
      40044   1632.000    -0.6762    -0.6535   2.911288   2.912325     1.8336      98.91     0.0123      0.159    7.00057    34.9129    34.9010    28.0692    1472.82    1466.53 0.0000e+00
      40066   1633.000    -0.6765    -0.6540   2.911307   2.912331     1.8327      98.91     0.0124      0.158    6.98614    34.9129    34.9011    28.0693    1472.84    1466.53 0.0000e+00
      40089   1634.000    -0.6772    -0.6540   2.911281   2.912336     1.8322      98.91     0.0134      0.159    6.99160    34.9128    34.9006    28.0692    1472.85    1466.54 0.0000e+00
      40114   1635.000    -0.6775    -0.6548   2.911309   2.912336     1.8315      98.91     0.0124      0.161    6.98637    34.9130    34.9009    28.0694    1472.87    1466.54 0.0000e+00
      40138   1636.000    -0.6776    -0.6554   2.911334   2.912329     1.8310      98.91     0.0139      0.154    6.99326    34.9129    34.9010    28.0693    1472.88    1466.55 0.0000e+00
      40161   1637.000    -0.6777    -0.6558   2.911358   2.912317     1.8304      98.91     0.0144      0.156    6.98370    34.9128    34.9007    28.0692    1472.90    1466.55 0.0000e+00
      40185   1638.000    -0.6777    -0.6568   2.911411   2.912305     1.8299      98.91     0.0148      0.165    6.97663    34.9129    34.9011    28.0693    1472.92    1466.55 0.0000e+00
      40209   1639.000    -0.6779    -0.6565   2.911440   2.912309     1.8290      98.91     0.0172      0.157    6.98079    34.9130    34.9003    28.0694    1472.93    1466.56 0.0000e+00
      40232   1640.000    -0.6784    -0.6575   2.911436   2.912314     1.8286      98.91     0.0168      0.157    6.98275    34.9129    34.9009    28.0693    1472.95    1466.56 0.0000e+00
      40255   1641.000    -0.6785    -0.6577   2.911475   2.912312     1.8284      98.92     0.0174      0.164    6.98808    34.9130    34.9006    28.0694    1472.96    1466.57 0.0000e+00
      40278   1642.000    -0.6784    -0.6580   2.911516   2.912320     1.8281      98.91     0.0158      0.153    6.98498    34.9129    34.9005    28.0693    1472.98    1466.57 0.0000e+00
      40302   1643.000    -0.6787    -0.6583   2.911537   2.912312     1.8275      98.91     0.0137      0.151    6.96983    34.9129    34.9002    28.0694    1472.99    1466.57 0.0000e+00
      40327   1644.000    -0.6787    -0.6590   2.911577   2.912319     1.8269      98.91     0.0140      0.159    6.98027    34.9129    34.9005    28.0694    1473.01    1466.58 0.0000e+00
      40350   1645.000    -0.6786    -0.6600   2.911629   2.912311     1.8266      98.92     0.0113      0.159    6.97308    34.9129    34.9010    28.0694    1473.03    1466.58 0.0000e+00
      40373   1646.000    -0.6787    -0.6607   2.911675   2.912300     1.8258      98.91     0.0118      0.161    6.96576    34.9131    34.9011    28.0695    1473.04    1466.58 0.0000e+00
      40396   1647.000    -0.6786    -0.6608   2.911719   2.912288     1.8253      98.91     0.0108      0.155    6.96741    34.9130    34.9005    28.0694    1473.06    1466.59 0.0000e+00
      40420   1648.000    -0.6788    -0.6608   2.911744   2.912282     1.8247      98.91     0.0124      0.164    6.96765    34.9130    34.8998    28.0695    1473.08    1466.59 0.0000e+00
      40444   1649.000    -0.6790    -0.6617   2.911760   2.912288     1.8244      98.92     0.0115      0.160    6.97117    34.9129    34.9004    28.0694    1473.09    1466.60 0.0000e+00
      40469   1650.000    -0.6791    -0.6622   2.911802   2.912305     1.8240      98.91     0.0130      0.153    6.97272    34.9130    34.9006    28.0695    1473.11    1466.60 0.0000e+00
      40493   1651.000    -0.6790    -0.6629   2.911852   2.912305     1.8238      98.91     0.0112      0.156    6.97886    34.9130    34.9008    28.0695    1473.13    1466.60 0.0000e+00
      40516   1652.000    -0.6790    -0.6632   2.911907   2.912305     1.8238      98.91     0.0122      0.151    6.97824    34.9132    34.9006    28.0696    1473.14    1466.61 0.0000e+00
      40540   1653.000    -0.6792    -0.6635   2.911928   2.912298     1.8236      98.91     0.0150      0.161    6.97894    34.9132    34.9003    28.0696    1473.16    1466.61 0.0000e+00
      40564   1654.000    -0.6796    -0.6635   2.911936   2.912315     1.8236      98.90     0.0123      0.157    6.97549    34.9132    34.9000    28.0696    1473.17    1466.62 0.0000e+00
      40588   1655.000    -0.6802    -0.6645   2.911930   2.912324     1.8232      98.91     0.0101      0.151    6.97293    34.9132    34.9007    28.0697    1473.19    1466.62 0.0000e+00
      40612   1656.000    -0.6817    -0.6644   2.911840   2.912330     1.8230      98.91     0.0126      0.154    6.97646    34.9132    34.9001    28.0697    1473.20    1466.62 0.0000e+00
      40636   1657.000    -0.6824    -0.6649   2.911815   2.912333     1.8228      98.91     0.0165      0.160    6.97330    34.9131    34.9002    28.0697    1473.21    1466.63 0.0000e+00
      40660   1658.000    -0.6826    -0.6650   2.911853   2.912346     1.8225      98.91     0.0179      0.163    6.97356    34.9133    34.8999    28.0698    1473.23    1466.63 0.0000e+00
      40683   1659.000    -0.6828    -0.6658   2.911879   2.912375     1.8223      98.91     0.0174      0.221    6.97474    34.9133    34.9006    28.0698    1473.24    1466.64 0.0000e+00
      40708   1660.000    -0.6830    -0.6661   2.911894   2.912395     1.8221      98.91     0.0124      0.162    6.97657    34.9132    34.9007    28.0697    1473.26    1466.64 0.0000e+00
      40733   1661.000    -0.6831    -0.6667   2.911917   2.912433     1.8219      98.91     0.0125      0.157    6.97457    34.9130    34.9013    28.0696    1473.28    1466.64 0.0000e+00
      40758   1662.000    -0.6832    -0.6669   2.911950   2.912455     1.8218      98.91     0.0150      0.152    6.97639    34.9130    34.9013    28.0696    1473.29    1466.65 0.0000e+00
      40782   1663.000    -0.6833    -0.6670   2.911990   2.912474     1.8215      98.91     0.0155      0.155    6.97156    34.9131    34.9011    28.0697    1473.31    1466.65 0.0000e+00
      40805   1664.000    -0.6843    -0.6674   2.911954   2.912481     1.8213      98.91     0.0123      0.163    6.96888    34.9132    34.9011    28.0698    1473.32    1466.66 0.0000e+00
      40827   1665.000    -0.6848    -0.6678   2.911954   2.912494     1.8208      98.91     0.0109      0.152    6.97088    34.9132    34.9012    28.0699    1473.34    1466.66 0.0000e+00
      40851   1666.000    -0.6850    -0.6677   2.911978   2.912507     1.8206      98.91     0.0121      0.152    6.96799    34.9132    34.9007    28.0699    1473.35    1466.66 0.0000e+00
      40875   1667.000    -0.6853    -0.6675   2.911985   2.912538     1.8201      98.91     0.0129      0.158    6.95739    34.9131    34.9003    28.0698    1473.37    1466.67 0.0000e+00
      40900   1668.000    -0.6860    -0.6682   2.911965   2.912570     1.8192      85.39     0.0138      0.156    6.94389    34.9131    34.9010    28.0698    1473.38    1466.67 0.0000e+00
      40924   1669.000    -0.6870    -0.6683   2.911921   2.912585     1.8188      75.87     0.0129      0.168    6.98267    34.9131    34.9007    28.0698    1473.39    1466.68 0.0000e+00
      40949   1670.000    -0.6879    -0.6683   2.911893   2.912599     1.8191      98.67     0.0139      0.153    6.96389    34.9132    34.9004    28.0700    1473.40    1466.68 0.0000e+00
      40974   1671.000    -0.6887    -0.6687   2.911858   2.912621     1.8183      98.91     0.0119      0.154    6.95295    34.9131    34.9006    28.0699    1473.42    1466.68 0.0000e+00
      40998   1672.000    -0.6900    -0.6689   2.911793   2.912631     1.8177      83.43     0.0141      0.156    6.94350    34.9131    34.9004    28.0700    1473.43    1466.69 0.0000e+00
      41022   1673.000    -0.6900    -0.6694   2.911837   2.912633     1.8170      49.48     0.0139      0.153    6.97347    34.9131    34.9004    28.0700    1473.44    1466.69 0.0000e+00
      41046   1674.000    -0.6903    -0.6699   2.911849   2.912647     1.8175      98.89     0.0145      0.163    6.96950    34.9131    34.9006    28.0700    1473.46    1466.70 0.0000e+00
      41071   1675.000    -0.6904    -0.6700   2.911871   2.912665     1.8170      98.91     0.0122      0.153    6.94930    34.9129    34.9004    28.0699    1473.48    1466.70 0.0000e+00
      41094   1676.000    -0.6906    -0.6709   2.911913   2.912691     1.8166      98.91     0.0125      0.156    6.95682    34.9132    34.9012    28.0701    1473.49    1466.70 0.0000e+00
      41116   1677.000    -0.6907    -0.6707   2.911946   2.912710     1.8161      98.91     0.0134      0.153    6.94853    34.9132    34.9007    28.0701    1473.51    1466.71 0.0000e+00
      41139   1678.000    -0.6909    -0.6712   2.911974   2.912704     1.8155      98.91     0.0138      0.151    6.95202    34.9132    34.9006    28.0701    1473.52    1466.71 0.0000e+00
      41164   1679.000    -0.6907    -0.6713   2.912033   2.912718     1.8153      98.91     0.0128      0.160    6.95028    34.9132    34.9004    28.0701    1473.54    1466.72 0.0000e+00
      41188   1680.000    -0.6916    -0.6716   2.911982   2.912742     1.8146      98.91     0.0166      0.164    6.93951    34.9130    34.9005    28.0700    1473.55    1466.72 0.0000e+00
      41212   1681.000    -0.6927    -0.6722   2.911937   2.912742     1.8139      98.91     0.0172      0.161    6.94399    34.9131    34.9006    28.0701    1473.57    1466.72 0.0000e+00
      41237   1682.000    -0.6925    -0.6726   2.911999   2.912757     1.8136      98.91     0.0176      0.160    6.93960    34.9132    34.9007    28.0702    1473.58    1466.73 0.0000e+00
      41260   1683.000    -0.6927    -0.6730   2.912013   2.912767     1.8129      98.91     0.0178      0.161    6.94184    34.9130    34.9007    28.0701    1473.60    1466.73 0.0000e+00
      41284   1684.000    -0.6928    -0.6733   2.912038   2.912777     1.8126      98.91     0.0158      0.158    6.94024    34.9129    34.9007    28.0700    1473.62    1466.74 0.0000e+00
      41308   1685.000    -0.6938    -0.6735   2.912004   2.912779     1.8121      98.91     0.0101      0.159    6.94103    34.9130    34.9004    28.0701    1473.63    1466.74 0.0000e+00
      41333   1686.000    -0.6940    -0.6737   2.912031   2.912794     1.8118      98.91     0.0095      0.166    6.94160    34.9131    34.9002    28.0702    1473.64    1466.74 0.0000e+00
      41358   1687.000    -0.6941    -0.6744   2.912062   2.912809     1.8113      98.91     0.0099      0.162    6.93503    34.9130    34.9007    28.0701    1473.66    1466.75 0.0000e+00
      41382   1688.000    -0.6956    -0.6748   2.911974   2.912809     1.8110      98.91     0.0122      0.170    6.94670    34.9130    34.9006    28.0702    1473.67    1466.75 0.0000e+00
      41407   1689.000    -0.6956    -0.6750   2.912018   2.912794     1.8109      98.91     0.0117      0.162    6.94821    34.9131    34.9001    28.0702    1473.69    1466.76 0.0000e+00
      41432   1690.000    -0.6959    -0.6756   2.912033   2.912802     1.8108      98.91     0.0167      0.167    6.94478    34.9130    34.9003    28.0702    1473.70    1466.76 0.0000e+00
      41456   1691.000    -0.6961    -0.6763   2.912055   2.912830     1.8105      98.91     0.0170      0.162    6.93345    34.9130    34.9009    28.0702    1473.72    1466.76 0.0000e+00
      41480   1692.000    -0.6965    -0.6770   2.912073   2.912848     1.8099      98.91     0.0145      0.165    6.93556    34.9132    34.9014    28.0703    1473.73    1466.77 0.0000e+00
      41503   1693.000    -0.6967    -0.6766   2.912093   2.912847     1.8096      98.91     0.0143      0.164    6.93806    34.9131    34.9004    28.0703    1473.75    1466.77 0.0000e+00
      41527   1694.000    -0.6967    -0.6768   2.912134   2.912849     1.8094      98.91     0.0151      0.165    6.94141    34.9131    34.9001    28.0703    1473.77    1466.78 0.0000e+00
      41551   1695.000    -0.6971    -0.6773   2.912136   2.912864     1.8090      98.91     0.0133      0.170    6.93099    34.9130    34.9003    28.0702    1473.78    1466.78 0.0000e+00
      41575   1696.000    -0.6981    -0.6779   2.912106   2.912870     1.8084      98.91     0.0173      0.161    6.92894    34.9132    34.9005    28.0704    1473.79    1466.78 0.0000e+00
      41599   1697.000    -0.6982    -0.6788   2.912126   2.912867     1.8082      98.91     0.0186      0.156    6.93674    34.9130    34.9009    28.0703    1473.81    1466.79 0.0000e+00
      41622   1698.000    -0.6989    -0.6792   2.912112   2.912860     1.8079      98.91     0.0174      0.190    6.93517    34.9131    34.9007    28.0704    1473.82    1466.79 0.0000e+00
      41647   1699.000    -0.6988    -0.6795   2.912159   2.912878     1.8077      98.91     0.0143      0.166    6.92606    34.9130    34.9008    28.0703    1473.84    1466.80 0.0000e+00
      41671   1700.000    -0.6990    -0.6804   2.912188   2.912889     1.8067      98.90     0.0148      0.181    6.92365    34.9131    34.9014    28.0704    1473.86    1466.80 0.0000e+00
      41695   1701.000    -0.6992    -0.6804   2.912209   2.912912     1.8067      98.91     0.0149      0.162    6.93486    34.9131    34.9011    28.0704    1473.87    1466.81 0.0000e+00
      41718   1702.000    -0.6993    -0.6808   2.912243   2.912911     1.8064      98.91     0.0166      0.165    6.92719    34.9131    34.9010    28.0704    1473.89    1466.81 0.0000e+00
      41741   1703.000    -0.6997    -0.6814   2.912265   2.912902     1.8059      98.90     0.0149      0.171    6.92026    34.9133    34.9010    28.0706    1473.90    1466.81 0.0000e+00
      41764   1704.000    -0.6998    -0.6813   2.912288   2.912907     1.8055      98.91     0.0148      0.177    6.92691    34.9131    34.9004    28.0705    1473.92    1466.82 0.0000e+00
      41788   1705.000    -0.6999    -0.6815   2.912323   2.912928     1.8052      98.91     0.0185      0.194    6.93165    34.9132    34.9004    28.0705    1473.94    1466.82 0.0000e+00
      41814   1706.000    -0.7001    -0.6824   2.912345   2.912952     1.8052      98.91     0.0148      0.182    6.93580    34.9131    34.9012    28.0705    1473.95    1466.83 0.0000e+00
