Physical_Data/CTD_Data/Example_Data/sta0475.cnv
* Sea-Bird SBE 9 Data File:
* FileName = C:\Seabird\CTDData\sta0475.hex
* Software Version Seasave V 7.21f
* Temperature SN = 4340
* Conductivity SN = 3012
* Number of Bytes Per Scan = 34
* Number of Voltage Words = 3
* Number of Scans Averaged by the Deck Unit = 1
* NMEA Latitude = 73 48.96 N
* NMEA Longitude = 007 31.44 E
* NMEA UTC (Time) = Jun 22 2016 06:37:00
* NMEA baud rate = 4800
** Ship: 10 F/F "G. O. Sars"
** Station: 0475
** Echodepth: 666
** Log: 7735.142
** Wind-Dir Force: 16 03
** Air-temp (dry): 4.7
** Weather Sky: 2 5
** Sea Ice: 2 0
** Par light: 451
# nquan = 17                                
# nvalues = 672                         
# units = specified
# name 0 = scan: Scan Count
# name 1 = prDM: Pressure, Digiquartz [db]
# name 2 = t068C: Temperature [ITS-68, deg C]
# name 3 = t168C: Temperature, 2 [ITS-68, deg C]
# name 4 = c0S/m: Conductivity [S/m]
# name 5 = c1S/m: Conductivity, 2 [S/m]
# name 6 = sbeox0V: Oxygen raw, SBE 43 [V]
# name 7 = altM: Altimeter [m]
# name 8 = flC: Fluorescence, Chelsea Aqua 3 Chl Con [ug/l]
# name 9 = seaTurbMtr: Turbidity, Seapoint [FTU]
# name 10 = sbeox0ML/L: Oxygen, SBE 43 [ml/l], WS = 2
# name 11 = sal00: Salinity, Practical [PSU]
# name 12 = sal11: Salinity, Practical, 2 [PSU]
# name 13 = sigma-t00: Density [sigma-t, Kg/m^3 ]
# name 14 = svCM: Sound Velocity [Chen-Millero, m/s]
# name 15 = avgsvCM: Average Sound Velocity [Chen-Millero, m/s], minP = 1, minS = 5
# name 16 = flag: flag
# span 0 =        758,      19692       
# span 1 =      4.000,    675.000       
# span 2 =    -0.1934,     6.0439       
# span 3 =    -0.1922,     6.0457       
# span 4 =   2.910709,   3.451268       
# span 5 =   2.908569,   3.450801       
# span 6 =     1.9996,     2.5432       
# span 7 =       1.77,      99.36       
# span 8 =     0.0118,     0.8414       
# span 9 =      0.165,      5.816       
# span 10 =    6.62728,    9.56897      
# span 11 =    34.9102,    35.1227      
# span 12 =    34.8084,    35.1130      
# span 13 =    27.6418,    28.0462      
# span 14 =    1457.97,    1475.13      
# span 15 =    1464.21,    1475.13      
# span 16 = 0.0000e+00, 0.0000e+00      
# interval = decibars: 1                
# start_time = Jun 22 2016 06:37:03 [System UTC, header]
# bad_flag = -9.990e-29
*END*
[from data line 256]
       6949    260.000     3.0712     3.0709   3.187672   3.186929     2.2054      98.92     0.0254      0.284    6.71822    35.0412    35.0325    27.9115    1467.02    1471.33 0.0000e+00
       6972    261.000     3.0603     3.0599   3.186753   3.185993     2.2049      98.70     0.0265      0.295    6.72594    35.0412    35.0324    27.9125    1466.99    1471.31 0.0000e+00
       6994    262.000     3.0425     3.0419   3.185072   3.184290     2.2049      98.89     0.0218      0.289    6.73502    35.0395    35.0306    27.9128    1466.92    1471.29 0.0000e+00
       7018    263.000     3.0096     3.0037   3.182024   3.180780     2.2051      98.92     0.0180      0.319    6.74461    35.0374    35.0287    27.9142    1466.80    1471.27 0.0000e+00
       7042    264.000     2.9776     2.9780   3.179129   3.178433     2.2052      98.48     0.0238      0.361    6.73358    35.0363    35.0273    27.9163    1466.68    1471.26 0.0000e+00
       7067    265.000     2.9632     2.9613   3.177906   3.177018     2.2032      44.53     0.0252      0.281    6.73502    35.0364    35.0276    27.9177    1466.63    1471.24 0.0000e+00
       7092    266.000     2.9529     2.9532   3.176985   3.176305     2.2035      99.03     0.0256      0.292    6.75102    35.0358    35.0271    27.9181    1466.60    1471.22 0.0000e+00
       7117    267.000     2.9421     2.9439   3.176031   3.175487     2.2036      98.91     0.0232      0.309    6.75226    35.0353    35.0267    27.9187    1466.57    1471.20 0.0000e+00
       7141    268.000     2.9341     2.9346   3.175345   3.174662     2.2036      98.31     0.0256      0.308    6.75189    35.0350    35.0261    27.9193    1466.55    1471.19 0.0000e+00
       7165    269.000     2.9058     2.9088   3.172716   3.172307     2.2033      98.89     0.0295      0.344    6.75179    35.0330    35.0248    27.9203    1466.45    1471.17 0.0000e+00
       7189    270.000     2.8684     2.8694   3.169338   3.168726     2.2025      98.92     0.0281      0.288    6.74639    35.0318    35.0232    27.9227    1466.30    1471.15 0.0000e+00
       7213    271.000     2.8459     2.8468   3.167372   3.166723     2.2009      88.73     0.0252      0.306    6.73693    35.0316    35.0226    27.9246    1466.22    1471.13 0.0000e+00
       7237    272.000     2.8406     2.8423   3.166900   3.166365     2.1996      48.09     0.0250      0.305    6.75739    35.0310    35.0226    27.9246    1466.21    1471.12 0.0000e+00
       7261    273.000     2.8214     2.8223   3.165083   3.164452     2.2003      99.32     0.0267      0.291    6.77582    35.0290    35.0203    27.9248    1466.15    1471.10 0.0000e+00
       7284    274.000     2.7857     2.7859   3.161765   3.161081     2.2011      98.92     0.0277      0.308    6.79084    35.0266    35.0180    27.9261    1466.01    1471.08 0.0000e+00
       7309    275.000     2.7528     2.7525   3.158756   3.158022     2.2016      98.92     0.0538      0.291    6.79000    35.0249    35.0162    27.9277    1465.88    1471.06 0.0000e+00
       7334    276.000     2.7088     2.7083   3.154609   3.153823     2.2018      98.92     0.0435      0.307    6.80152    35.0213    35.0122    27.9288    1465.70    1471.04 0.0000e+00
       7359    277.000     2.6528     2.6521   3.149581   3.148798     2.2022      98.92     0.0345      0.345    6.81580    35.0199    35.0110    27.9326    1465.47    1471.02 0.0000e+00
       7383    278.000     2.6318     2.6318   3.147810   3.147098     2.2026      98.92     0.0339      0.355    6.81886    35.0204    35.0116    27.9349    1465.40    1471.00 0.0000e+00
       7408    279.000     2.6199     2.6195   3.146707   3.145974     2.2028      98.92     0.0715      0.330    6.83430    35.0193    35.0106    27.9350    1465.36    1470.98 0.0000e+00
       7432    280.000     2.5971     2.5968   3.144672   3.143938     2.2046      98.92     0.0853      0.353    6.86701    35.0185    35.0097    27.9364    1465.28    1470.96 0.0000e+00
       7455    281.000     2.5604     2.5599   3.141307   3.140564     2.2071      98.92     0.0787      0.433    6.88642    35.0164    35.0078    27.9380    1465.14    1470.94 0.0000e+00
       7478    282.000     2.5410     2.5410   3.139674   3.138984     2.2089      98.92     0.1408      0.386    6.89098    35.0169    35.0084    27.9400    1465.07    1470.92 0.0000e+00
       7502    283.000     2.5325     2.5323   3.138910   3.138181     2.2107      98.92     0.1159      0.363    6.90016    35.0162    35.0074    27.9402    1465.05    1470.90 0.0000e+00
       7527    284.000     2.5038     2.5049   3.136210   3.135622     2.2125      98.91     0.0840      0.393    6.90848    35.0136    35.0051    27.9406    1464.94    1470.88 0.0000e+00
       7552    285.000     2.4801     2.4768   3.134081   3.133068     2.2138      98.93     0.0712      0.331    6.90398    35.0126    35.0037    27.9419    1464.85    1470.85 0.0000e+00
       7577    286.000     2.4530     2.4536   3.131627   3.131001     2.2135      98.92     0.0640      0.340    6.89291    35.0113    35.0029    27.9432    1464.75    1470.83 0.0000e+00
       7602    287.000     2.4436     2.4386   3.130730   3.129549     2.2128      98.92     0.0559      0.313    6.88532    35.0099    35.0008    27.9429    1464.72    1470.81 0.0000e+00
       7625    288.000     2.3957     2.4036   3.126245   3.126362     2.2116      98.92     0.0491      0.294    6.88729    35.0062    34.9990    27.9440    1464.53    1470.79 0.0000e+00
       7648    289.000     2.3672     2.3656   3.123669   3.122827     2.2105      98.69     0.0416      0.297    6.88812    35.0049    34.9962    27.9453    1464.42    1470.77 0.0000e+00
       7671    290.000     2.3530     2.3537   3.122354   3.121744     2.2091      98.93     0.0376      0.304    6.87827    35.0035    34.9952    27.9455    1464.37    1470.75 0.0000e+00
       7694    291.000     2.3213     2.3206   3.119564   3.118830     2.2070      98.92     0.0319      0.287    6.86561    35.0030    34.9947    27.9478    1464.25    1470.72 0.0000e+00
       7720    292.000     2.3181     2.3182   3.119325   3.118659     2.2038      80.96     0.0278      0.266    6.84060    35.0030    34.9946    27.9480    1464.25    1470.70 0.0000e+00
       7746    293.000     2.3106     2.3111   3.118611   3.117973     2.2006      64.08     0.0247      0.273    6.84620    35.0018    34.9933    27.9477    1464.23    1470.68 0.0000e+00
       7771    294.000     2.2886     2.2871   3.116707   3.115931     2.1983      99.04     0.0205      0.262    6.84105    35.0017    34.9937    27.9494    1464.15    1470.66 0.0000e+00
       7795    295.000     2.2853     2.2844   3.116423   3.115699     2.1959      98.92     0.0221      0.268    6.83138    35.0012    34.9932    27.9493    1464.16    1470.63 0.0000e+00
       7817    296.000     2.2760     2.2757   3.115658   3.114970     2.1936      98.92     0.0195      0.269    6.82355    35.0013    34.9931    27.9502    1464.13    1470.61 0.0000e+00
       7840    297.000     2.2640     2.2636   3.114582   3.113892     2.1913      98.93     0.0163      0.282    6.82418    35.0005    34.9923    27.9505    1464.09    1470.59 0.0000e+00
       7864    298.000     2.2533     2.2530   3.113663   3.112978     2.1895      98.92     0.0158      0.252    6.82526    35.0002    34.9920    27.9512    1464.06    1470.57 0.0000e+00
       7888    299.000     2.2478     2.2477   3.113242   3.112573     2.1879      98.92     0.0166      0.262    6.82510    35.0005    34.9922    27.9519    1464.06    1470.55 0.0000e+00
       7914    300.000     2.2480     2.2480   3.113285   3.112647     2.1862      98.92     0.0209      0.260    6.81559    35.0002    34.9923    27.9516    1464.07    1470.52 0.0000e+00
       7939    301.000     2.2396     2.2395   3.112559   3.111899     2.1847      98.92     0.0232      0.264    6.82106    34.9998    34.9917    27.9520    1464.05    1470.50 0.0000e+00
       7963    302.000     2.2242     2.2242   3.111198   3.110544     2.1837      98.92     0.0202      0.273    6.82330    34.9992    34.9910    27.9528    1464.00    1470.48 0.0000e+00
       7985    303.000     2.2186     2.2199   3.110752   3.110224     2.1829      98.92     0.0204      0.303    6.82210    34.9992    34.9912    27.9533    1463.99    1470.46 0.0000e+00
       8008    304.000     2.2164     2.2163   3.110596   3.109897     2.1821      98.92     0.0222      0.255    6.82317    34.9991    34.9905    27.9534    1464.00    1470.44 0.0000e+00
       8033    305.000     2.1988     2.1937   3.108971   3.107865     2.1813      98.92     0.0234      0.293    6.82242    34.9976    34.9894    27.9537    1463.94    1470.42 0.0000e+00
       8058    306.000     2.1873     2.1879   3.108022   3.107413     2.1802      98.92     0.0295      0.406    6.81862    34.9978    34.9896    27.9548    1463.90    1470.40 0.0000e+00
       8083    307.000     2.1829     2.1824   3.107648   3.106939     2.1795      98.92     0.0233      0.259    6.82478    34.9974    34.9891    27.9548    1463.90    1470.37 0.0000e+00
       8107    308.000     2.1534     2.1562   3.104860   3.104511     2.1789      98.92     0.0249      0.253    6.82997    34.9945    34.9871    27.9549    1463.79    1470.35 0.0000e+00
       8130    309.000     2.1430     2.1419   3.104060   3.103303     2.1785      98.93     0.0224      0.277    6.83348    34.9954    34.9871    27.9565    1463.76    1470.33 0.0000e+00
       8153    310.000     2.1407     2.1409   3.103902   3.103282     2.1783      98.92     0.0290      0.259    6.83588    34.9954    34.9874    27.9566    1463.76    1470.31 0.0000e+00
       8176    311.000     2.1394     2.1411   3.103815   3.103324     2.1778      98.92     0.0262      0.390    6.82091    34.9951    34.9871    27.9566    1463.77    1470.29 0.0000e+00
       8201    312.000     2.1323     2.1318   3.103237   3.102525     2.1764      98.92     0.0222      0.347    6.81505    34.9951    34.9868    27.9572    1463.76    1470.27 0.0000e+00
       8225    313.000     2.1256     2.1259   3.102717   3.102081     2.1752      98.92     0.0214      0.252    6.81069    34.9954    34.9872    27.9579    1463.75    1470.25 0.0000e+00
       8249    314.000     2.1183     2.1175   3.102092   3.101361     2.1738      98.92     0.0219      0.244    6.81237    34.9951    34.9868    27.9583    1463.73    1470.23 0.0000e+00
       8272    315.000     2.1009     2.1003   3.100600   3.099897     2.1731      98.92     0.0239      0.245    6.81942    34.9950    34.9869    27.9596    1463.67    1470.21 0.0000e+00
       8296    316.000     2.0778     2.0758   3.098466   3.097602     2.1725      98.92     0.0240      0.278    6.82179    34.9932    34.9846    27.9600    1463.59    1470.18 0.0000e+00
       8320    317.000     2.0253     2.0258   3.093662   3.093056     2.1717      98.92     0.0237      0.251    6.82986    34.9902    34.9821    27.9619    1463.37    1470.16 0.0000e+00
       8344    318.000     2.0034     2.0034   3.091794   3.091130     2.1712      98.92     0.0231      0.296    6.83769    34.9904    34.9821    27.9638    1463.29    1470.14 0.0000e+00
       8366    319.000     2.0054     2.0042   3.092024   3.091249     2.1709      98.92     0.0188      0.244    6.83847    34.9905    34.9821    27.9637    1463.31    1470.12 0.0000e+00
       8388    320.000     1.9684     1.9675   3.088547   3.087806     2.1705      98.93     0.0205      0.248    6.83824    34.9871    34.9788    27.9639    1463.16    1470.10 0.0000e+00
       8412    321.000     1.9433     1.9433   3.086337   3.085661     2.1698      98.92     0.0233      0.256    6.84643    34.9864    34.9779    27.9654    1463.07    1470.08 0.0000e+00
       8438    322.000     1.9235     1.9236   3.084481   3.083831     2.1696      98.93     0.0205      0.275    6.84802    34.9844    34.9761    27.9654    1463.00    1470.05 0.0000e+00
       8462    323.000     1.8956     1.8956   3.082033   3.081368     2.1688      98.93     0.0212      0.248    6.84784    34.9838    34.9755    27.9671    1462.89    1470.03 0.0000e+00
       8486    324.000     1.8897     1.8907   3.081498   3.080914     2.1681      91.38     0.0211      0.262    6.85349    34.9830    34.9746    27.9670    1462.88    1470.01 0.0000e+00
       8508    325.000     1.8651     1.8656   3.079187   3.078561     2.1683      98.45     0.0205      0.243    6.86618    34.9805    34.9721    27.9669    1462.78    1469.99 0.0000e+00
       8531    326.000     1.8446     1.8441   3.077357   3.076652     2.1681      98.91     0.0197      0.247    6.86135    34.9796    34.9713    27.9677    1462.71    1469.96 0.0000e+00
       8554    327.000     1.8286     1.8297   3.075948   3.075426     2.1673      98.85     0.0191      0.236    6.84453    34.9789    34.9711    27.9684    1462.65    1469.94 0.0000e+00
       8579    328.000     1.8148     1.8155   3.074777   3.074168     2.1653      42.31     0.0216      0.239    6.84900    34.9788    34.9704    27.9695    1462.61    1469.92 0.0000e+00
       8603    329.000     1.8061     1.8059   3.074056   3.073384     2.1650      98.36     0.0275      0.238    6.85252    34.9788    34.9706    27.9701    1462.59    1469.90 0.0000e+00
       8627    330.000     1.7937     1.7932   3.072913   3.072214     2.1638      98.92     0.0249      0.236    6.84661    34.9775    34.9693    27.9700    1462.55    1469.88 0.0000e+00
       8650    331.000     1.7771     1.7770   3.071469   3.070800     2.1627      98.92     0.0208      0.233    6.84704    34.9771    34.9688    27.9710    1462.49    1469.85 0.0000e+00
       8673    332.000     1.7674     1.7676   3.070619   3.069997     2.1617      98.92     0.0190      0.236    6.84971    34.9765    34.9684    27.9713    1462.46    1469.83 0.0000e+00
       8697    333.000     1.7579     1.7590   3.069855   3.069289     2.1613      98.92     0.0182      0.238    6.85446    34.9768    34.9684    27.9722    1462.44    1469.81 0.0000e+00
       8722    334.000     1.7548     1.7553   3.069633   3.069031     2.1603      98.92     0.0206      0.234    6.84887    34.9769    34.9687    27.9725    1462.44    1469.79 0.0000e+00
       8746    335.000     1.7387     1.7377   3.068131   3.067388     2.1599      98.92     0.0202      0.237    6.86244    34.9751    34.9668    27.9724    1462.39    1469.76 0.0000e+00
       8769    336.000     1.6721     1.6696   3.062068   3.061209     2.1599      98.92     0.0221      0.234    6.87302    34.9716    34.9635    27.9746    1462.10    1469.74 0.0000e+00
       8792    337.000     1.6308     1.6279   3.058350   3.057395     2.1593      98.92     0.0220      0.237    6.87380    34.9697    34.9609    27.9763    1461.94    1469.72 0.0000e+00
       8816    338.000     1.5968     1.5943   3.055265   3.054369     2.1588      98.91     0.0218      0.229    6.88265    34.9678    34.9592    27.9772    1461.80    1469.69 0.0000e+00
       8839    339.000     1.5823     1.5820   3.054042   3.053366     2.1582      98.92     0.0207      0.232    6.88015    34.9678    34.9595    27.9783    1461.75    1469.67 0.0000e+00
       8863    340.000     1.5782     1.5784   3.053725   3.053087     2.1579      98.92     0.0203      0.230    6.88930    34.9677    34.9594    27.9786    1461.75    1469.65 0.0000e+00
       8887    341.000     1.5728     1.5729   3.053255   3.052625     2.1577      98.91     0.0166      0.234    6.89216    34.9672    34.9590    27.9785    1461.74    1469.62 0.0000e+00
       8910    342.000     1.5617     1.5617   3.052297   3.051645     2.1578      98.92     0.0173      0.249    6.89401    34.9667    34.9585    27.9790    1461.71    1469.60 0.0000e+00
       8934    343.000     1.5537     1.5538   3.051627   3.050998     2.1573      98.91     0.0188      0.240    6.88507    34.9665    34.9584    27.9795    1461.69    1469.58 0.0000e+00
