Physical_Data/CTD_Data/Example_Data/sta0472.cnv
* Sea-Bird SBE 9 Data File:
* FileName = C:\Seabird\CTDData\sta0472.hex
* Software Version Seasave V 7.21f
* Temperature SN = 4340
* Conductivity SN = 3012
* Number of Bytes Per Scan = 34
* Number of Voltage Words = 3
* Number of Scans Averaged by the Deck Unit = 1
* NMEA Latitude = 73 38.90 N
* NMEA Longitude = 007 52.73 E
* NMEA UTC (Time) = Jun 20 2016 07:58:48
* NMEA baud rate = 4800
** Ship: 10 F/F "G. O. Sars"
** Station: 0472
** Echodepth: 2462
** Log: 7650.124
** Wind-Dir Force: 23 12
** Air-temp (dry): 4.9
** Weather Sky: 2 5
** Sea Ice: 3 0
** Par light: 451
# nquan = 17                                
# nvalues = 2477                        
# units = specified
# name 0 = scan: Scan Count
# name 1 = prDM: Pressure, Digiquartz [db]
# name 2 = t068C: Temperature [ITS-68, deg C]
# name 3 = t168C: Temperature, 2 [ITS-68, deg C]
# name 4 = c0S/m: Conductivity [S/m]
# name 5 = c1S/m: Conductivity, 2 [S/m]
# name 6 = sbeox0V: Oxygen raw, SBE 43 [V]
# name 7 = altM: Altimeter [m]
# name 8 = flC: Fluorescence, Chelsea Aqua 3 Chl Con [ug/l]
# name 9 = seaTurbMtr: Turbidity, Seapoint [FTU]
# name 10 = sbeox0ML/L: Oxygen, SBE 43 [ml/l], WS = 2
# name 11 = sal00: Salinity, Practical [PSU]
# name 12 = sal11: Salinity, Practical, 2 [PSU]
# name 13 = sigma-t00: Density [sigma-t, Kg/m^3 ]
# name 14 = svCM: Sound Velocity [Chen-Millero, m/s]
# name 15 = avgsvCM: Average Sound Velocity [Chen-Millero, m/s], minP = 1, minS = 5
# name 16 = flag: flag
# span 0 =       1177,      72497       
# span 1 =      5.000,   2481.000       
# span 2 =    -0.7408,     6.2360       
# span 3 =    -0.7346,     6.2377       
# span 4 =   2.906807,   3.469960       
# span 5 =   2.908457,   3.469538       
# span 6 =     1.6192,     2.4902       
# span 7 =      10.89,      99.90       
# span 8 =     0.0073,     1.0414       
# span 9 =      0.135,      3.417       
# span 10 =    4.74118,    7.73389      
# span 11 =    34.9093,    35.1315      
# span 12 =    34.8953,    35.1251      
# span 13 =    27.6262,    28.0745      
# span 14 =    1460.15,    1486.92      
# span 15 =    1465.40,    1475.98      
# span 16 = 0.0000e+00, 0.0000e+00      
# interval = decibars: 1                
# start_time = Jun 20 2016 07:58:50 [System UTC, header]
# bad_flag = -9.990e-29
*END*
[from data line 2383]
      62072   2388.000    -0.7322    -0.7274   2.937367   2.936984     1.6463      98.91     0.0144      0.239    6.66441    34.9157    34.9052    28.0740    1485.33    1470.43 0.0000e+00
      62134   2389.000    -0.7326    -0.7300   2.937376   2.937018     1.6461      97.33     0.0127      0.249    6.65279    34.9157    34.9081    28.0740    1485.34    1470.44 0.0000e+00
      62185   2390.000    -0.7328    -0.7266   2.937389   2.937060     1.6459      86.07     0.0126      0.252    6.67207    34.9156    34.9043    28.0739    1485.36    1470.44 0.0000e+00
      62249   2391.000    -0.7335    -0.7303   2.937375   2.937091     1.6459      99.31     0.0156      0.296    6.65959    34.9157    34.9084    28.0740    1485.37    1470.45 0.0000e+00
      62304   2392.000    -0.7331    -0.7267   2.937456   2.937135     1.6455      98.91     0.0159      0.263    6.65415    34.9158    34.9044    28.0741    1485.39    1470.46 0.0000e+00
      62363   2393.000    -0.7327    -0.7260   2.937524   2.937181     1.6449      98.92     0.0160      0.319    6.65754    34.9157    34.9037    28.0740    1485.41    1470.46 0.0000e+00
      62421   2394.000    -0.7326    -0.7274   2.937579   2.937208     1.6447      98.91     0.0139      0.255    6.65759    34.9158    34.9051    28.0741    1485.43    1470.47 0.0000e+00
      62477   2395.000    -0.7323    -0.7262   2.937636   2.937269     1.6442      98.91     0.0115      0.264    6.64774    34.9157    34.9040    28.0740    1485.45    1470.47 0.0000e+00
      62540   2396.000    -0.7322    -0.7272   2.937681   2.937302     1.6436      98.91     0.0179      0.327    6.65703    34.9157    34.9051    28.0740    1485.46    1470.48 0.0000e+00
      62592   2397.000    -0.7324    -0.7263   2.937710   2.937337     1.6439      98.91     0.0157      0.280    6.66038    34.9158    34.9040    28.0740    1485.48    1470.49 0.0000e+00
      62654   2398.000    -0.7324    -0.7261   2.937746   2.937374     1.6439      98.91     0.0147      0.259    6.66348    34.9157    34.9037    28.0740    1485.50    1470.49 0.0000e+00
      62712   2399.000    -0.7324    -0.7262   2.937785   2.937412     1.6439      98.90     0.0151      0.265    6.65238    34.9157    34.9038    28.0740    1485.51    1470.50 0.0000e+00
      62767   2400.000    -0.7323    -0.7260   2.937837   2.937470     1.6434      98.91     0.0165      0.274    6.65462    34.9158    34.9038    28.0740    1485.53    1470.50 0.0000e+00
      62828   2401.000    -0.7323    -0.7260   2.937870   2.937500     1.6432      98.92     0.0148      0.289    6.65659    34.9157    34.9037    28.0740    1485.55    1470.51 0.0000e+00
      62886   2402.000    -0.7324    -0.7261   2.937902   2.937540     1.6430      98.92     0.0183      0.274    6.65696    34.9157    34.9038    28.0740    1485.56    1470.52 0.0000e+00
      62943   2403.000    -0.7319    -0.7259   2.937993   2.937596     1.6430      98.92     0.0158      0.254    6.65773    34.9158    34.9038    28.0741    1485.58    1470.52 0.0000e+00
      63003   2404.000    -0.7314    -0.7262   2.938067   2.937628     1.6426      98.91     0.0140      0.273    6.65206    34.9157    34.9041    28.0740    1485.60    1470.53 0.0000e+00
      63063   2405.000    -0.7310    -0.7259   2.938146   2.937663     1.6424      98.91     0.0147      0.252    6.64991    34.9158    34.9037    28.0740    1485.62    1470.54 0.0000e+00
      63121   2406.000    -0.7310    -0.7262   2.938187   2.937701     1.6421      98.91     0.0141      0.259    6.66038    34.9158    34.9040    28.0740    1485.64    1470.54 0.0000e+00
      63181   2407.000    -0.7313    -0.7258   2.938196   2.937739     1.6423      98.91     0.0131      0.284    6.65946    34.9158    34.9035    28.0740    1485.65    1470.55 0.0000e+00
      63241   2408.000    -0.7319    -0.7259   2.938193   2.937783     1.6419      87.02     0.0148      0.305    6.64677    34.9159    34.9037    28.0741    1485.67    1470.55 0.0000e+00
      63296   2409.000    -0.7316    -0.7263   2.938246   2.937826     1.6419      98.50     0.0167      0.274    6.65476    34.9157    34.9042    28.0740    1485.69    1470.56 0.0000e+00
      63364   2410.000    -0.7310    -0.7285   2.938340   2.937869     1.6411      73.74     0.0158      0.260    6.65358    34.9158    34.9067    28.0740    1485.71    1470.57 0.0000e+00
      63415   2411.000    -0.7309    -0.7276   2.938386   2.937911     1.6414      98.15     0.0165      0.251    6.65378    34.9157    34.9058    28.0739    1485.72    1470.57 0.0000e+00
      63475   2412.000    -0.7310    -0.7268   2.938417   2.937956     1.6413      98.92     0.0171      0.256    6.65527    34.9157    34.9049    28.0739    1485.74    1470.58 0.0000e+00
      63533   2413.000    -0.7322    -0.7263   2.938360   2.937993     1.6411      98.92     0.0159      0.268    6.65591    34.9158    34.9043    28.0741    1485.75    1470.58 0.0000e+00
      63592   2414.000    -0.7331    -0.7256   2.938325   2.938032     1.6411      98.92     0.0168      0.269    6.65533    34.9158    34.9035    28.0741    1485.76    1470.59 0.0000e+00
      63651   2415.000    -0.7331    -0.7283   2.938365   2.938054     1.6405      98.91     0.0168      0.267    6.64266    34.9159    34.9064    28.0741    1485.78    1470.60 0.0000e+00
      63708   2416.000    -0.7332    -0.7263   2.938401   2.938109     1.6402      98.91     0.0156      0.270    6.65434    34.9159    34.9043    28.0742    1485.80    1470.60 0.0000e+00
      63771   2417.000    -0.7330    -0.7275   2.938458   2.938150     1.6399      98.91     0.0157      0.268    6.64909    34.9159    34.9057    28.0742    1485.82    1470.61 0.0000e+00
      63829   2418.000    -0.7318    -0.7257   2.938601   2.938198     1.6398      98.91     0.0136      0.262    6.64906    34.9160    34.9038    28.0742    1485.84    1470.62 0.0000e+00
      63887   2419.000    -0.7308    -0.7256   2.938714   2.938232     1.6394      98.92     0.0116      0.273    6.64689    34.9158    34.9036    28.0740    1485.86    1470.62 0.0000e+00
      63949   2420.000    -0.7328    -0.7275   2.938593   2.938267     1.6392      98.92     0.0159      0.250    6.64548    34.9159    34.9057    28.0742    1485.87    1470.63 0.0000e+00
      64006   2421.000    -0.7320    -0.7263   2.938704   2.938324     1.6387      98.92     0.0163      0.264    6.64428    34.9160    34.9046    28.0742    1485.89    1470.63 0.0000e+00
      64090   2422.000    -0.7325    -0.7307   2.938699   2.938355     1.6383      98.92     0.0156      0.320    6.64642    34.9160    34.9094    28.0742    1485.90    1470.64 0.0000e+00
      64166   2423.000    -0.7314    -0.7283   2.938824   2.938401     1.6382      98.91     0.0152      0.260    6.64856    34.9159    34.9068    28.0741    1485.93    1470.65 0.0000e+00
      64246   2424.000    -0.7309    -0.7284   2.938902   2.938440     1.6379      89.56     0.0149      0.259    6.63748    34.9158    34.9069    28.0740    1485.94    1470.65 0.0000e+00
      64329   2425.000    -0.7313    -0.7272   2.938907   2.938485     1.6379      99.90     0.0152      0.327    6.65456    34.9158    34.9056    28.0740    1485.96    1470.66 0.0000e+00
      64407   2426.000    -0.7320    -0.7306   2.938891   2.938517     1.6377      98.91     0.0154      0.309    6.64773    34.9159    34.9093    28.0741    1485.97    1470.67 0.0000e+00
      64491   2427.000    -0.7331    -0.7307   2.938846   2.938556     1.6372      98.91     0.0143      0.277    6.63938    34.9160    34.9095    28.0742    1485.99    1470.67 0.0000e+00
      64566   2428.000    -0.7335    -0.7303   2.938859   2.938599     1.6368      98.92     0.0136      0.295    6.64524    34.9161    34.9091    28.0743    1486.00    1470.68 0.0000e+00
      64649   2429.000    -0.7328    -0.7309   2.938947   2.938638     1.6362      87.79     0.0171      0.293    6.64236    34.9159    34.9097    28.0742    1486.02    1470.68 0.0000e+00
      64729   2430.000    -0.7330    -0.7301   2.938974   2.938678     1.6364      98.11     0.0147      0.266    6.64313    34.9160    34.9088    28.0742    1486.04    1470.69 0.0000e+00
      64805   2431.000    -0.7332    -0.7293   2.938996   2.938727     1.6361      98.91     0.0159      0.285    6.64260    34.9160    34.9081    28.0743    1486.05    1470.70 0.0000e+00
      64883   2432.000    -0.7332    -0.7305   2.939039   2.938765     1.6360      98.92     0.0159      0.289    6.64168    34.9160    34.9094    28.0743    1486.07    1470.70 0.0000e+00
      64967   2433.000    -0.7320    -0.7312   2.939172   2.938799     1.6355      98.91     0.0170      0.289    6.63658    34.9159    34.9101    28.0742    1486.09    1470.71 0.0000e+00
      65036   2434.000    -0.7317    -0.7255   2.939239   2.938862     1.6352      98.91     0.0142      0.418    6.64027    34.9160    34.9040    28.0742    1486.11    1470.72 0.0000e+00
      65124   2435.000    -0.7319    -0.7310   2.939263   2.938877     1.6351      98.92     0.0114      0.281    6.64337    34.9160    34.9099    28.0742    1486.13    1470.72 0.0000e+00
      65240   2436.000    -0.7314    -0.7316   2.939343   2.938913     1.6350      98.91     0.0143      0.281    6.64061    34.9160    34.9105    28.0741    1486.15    1470.73 0.0000e+00
      65364   2437.000    -0.7317    -0.7311   2.939357   2.938950     1.6336      61.55     0.0149      0.255    6.63361    34.9160    34.9099    28.0742    1486.16    1470.73 0.0000e+00
      65619   2438.000    -0.7318    -0.7326   2.939367   2.938896     1.6336      72.41     0.0153      0.309    6.65301    34.9157    34.9104    28.0739    1486.18    1470.74 0.0000e+00
 -9.990e-29   2439.000 -9.990e-29 -9.990e-29 -9.990e-29 -9.990e-29 -9.990e-29 -9.990e-29 -9.990e-29 -9.990e-29 -9.990e-29 -9.990e-29 -9.990e-29 -9.990e-29 -9.990e-29    1470.74 -9.990e-29
 -9.990e-29   2440.000 -9.990e-29 -9.990e-29 -9.990e-29 -9.990e-29 -9.990e-29 -9.990e-29 -9.990e-29 -9.990e-29 -9.990e-29 -9.990e-29 -9.990e-29 -9.990e-29 -9.990e-29    1470.74 -9.990e-29
 -9.990e-29   2441.000 -9.990e-29 -9.990e-29 -9.990e-29 -9.990e-29 -9.990e-29 -9.990e-29 -9.990e-29 -9.990e-29 -9.990e-29 -9.990e-29 -9.990e-29 -9.990e-29 -9.990e-29    1470.74 -9.990e-29
      67244   2442.000    -0.7323    -0.7328   2.939527   2.938934     1.6312      98.92     0.0156      0.267    6.62754    34.9163    34.9090    28.0745    1486.24    1470.76 0.0000e+00
      67308   2443.000    -0.7322    -0.7318   2.939534   2.938973     1.6307      58.09     0.0110      0.328    6.54689    34.9158    34.9079    28.0740    1486.26    1470.77 0.0000e+00
      67434   2444.000    -0.7322    -0.7323   2.939592   2.939005     1.6307      78.36     0.0169      0.274    6.62924    34.9160    34.9084    28.0742    1486.28    1470.78 0.0000e+00
      67533   2445.000    -0.7322    -0.7324   2.939636   2.938994     1.6305      71.87     0.0139      0.287    6.62836    34.9161    34.9078    28.0743    1486.30    1470.78 0.0000e+00
      67609   2446.000    -0.7321    -0.7309   2.939682   2.939116     1.6305      97.77     0.0142      0.286    6.61748    34.9160    34.9072    28.0742    1486.31    1470.79 0.0000e+00
      67681   2447.000    -0.7320    -0.7309   2.939724   2.939185     1.6297      71.07     0.0148      0.272    6.59936    34.9160    34.9076    28.0742    1486.33    1470.80 0.0000e+00
      67768   2448.000    -0.7321    -0.7319   2.939761   2.939226     1.6296      75.01     0.0135      0.264    6.62480    34.9161    34.9088    28.0743    1486.35    1470.80 0.0000e+00
      67845   2449.000    -0.7321    -0.7305   2.939803   2.939306     1.6292      63.39     0.0141      0.271    6.62527    34.9161    34.9077    28.0743    1486.36    1470.81 0.0000e+00
      67917   2450.000    -0.7320    -0.7310   2.939854   2.939358     1.6287      40.43     0.0178      0.258    6.61261    34.9161    34.9085    28.0743    1486.38    1470.81 0.0000e+00
      68008   2451.000    -0.7320    -0.7318   2.939892   2.939404     1.6289      58.98     0.0144      0.274    6.60946    34.9161    34.9094    28.0743    1486.40    1470.82 0.0000e+00
      68077   2452.000    -0.7319    -0.7284   2.939931   2.939475     1.6283      38.97     0.0131      0.293    6.60296    34.9160    34.9060    28.0742    1486.42    1470.83 0.0000e+00
      68161   2453.000    -0.7318    -0.7273   2.939982   2.939521     1.6276      38.24     0.0110      0.329    6.60539    34.9160    34.9049    28.0742    1486.43    1470.83 0.0000e+00
      68236   2454.000    -0.7318    -0.7277   2.940024   2.939566     1.6273      37.26     0.0142      0.244    6.61254    34.9161    34.9054    28.0743    1486.45    1470.84 0.0000e+00
      68319   2455.000    -0.7316    -0.7307   2.940077   2.939587     1.6272      36.26     0.0137      0.304    6.60948    34.9160    34.9086    28.0742    1486.47    1470.85 0.0000e+00
      68397   2456.000    -0.7315    -0.7283   2.940132   2.939645     1.6272      35.27     0.0156      0.287    6.60934    34.9161    34.9061    28.0743    1486.49    1470.85 0.0000e+00
      68476   2457.000    -0.7314    -0.7275   2.940176   2.939680     1.6272      50.16     0.0154      0.286    6.61892    34.9161    34.9052    28.0742    1486.50    1470.86 0.0000e+00
      68553   2458.000    -0.7313    -0.7311   2.940225   2.939712     1.6265      32.25     0.0146      0.268    6.60943    34.9161    34.9091    28.0743    1486.52    1470.87 0.0000e+00
      68676   2459.000    -0.7312    -0.7317   2.940269   2.939740     1.6266      32.34     0.0114      0.256    6.60946    34.9161    34.9096    28.0742    1486.54    1470.87 0.0000e+00
      68793   2460.000    -0.7311    -0.7318   2.940314   2.939786     1.6261      31.33     0.0137      0.294    6.60563    34.9160    34.9098    28.0742    1486.56    1470.88 0.0000e+00
      68912   2461.000    -0.7311    -0.7311   2.940354   2.939838     1.6260      30.36     0.0169      0.265    6.60668    34.9160    34.9092    28.0742    1486.57    1470.88 0.0000e+00
      69026   2462.000    -0.7310    -0.7289   2.940419   2.939865     1.6253      29.39     0.0163      0.247    6.60508    34.9163    34.9066    28.0744    1486.59    1470.89 0.0000e+00
      69144   2463.000    -0.7309    -0.7289   2.940448   2.939907     1.6253      28.45     0.0150      0.258    6.60648    34.9160    34.9066    28.0742    1486.61    1470.90 0.0000e+00
      69264   2464.000    -0.7309    -0.7309   2.940495   2.939944     1.6252      27.48     0.0166      0.255    6.60536    34.9161    34.9088    28.0742    1486.63    1470.90 0.0000e+00
      69384   2465.000    -0.7308    -0.7311   2.940543   2.939994     1.6247      26.49     0.0166      0.269    6.60461    34.9161    34.9092    28.0742    1486.64    1470.91 0.0000e+00
      69504   2466.000    -0.7308    -0.7310   2.940576   2.940025     1.6240      25.47     0.0138      0.276    6.60289    34.9160    34.9090    28.0742    1486.66    1470.92 0.0000e+00
      69619   2467.000    -0.7307    -0.7299   2.940624   2.940064     1.6238      24.47     0.0165      0.325    6.59703    34.9160    34.9077    28.0742    1486.68    1470.92 0.0000e+00
      69742   2468.000    -0.7309    -0.7310   2.940653   2.940108     1.6237      23.53     0.0154      0.273    6.60299    34.9161    34.9090    28.0743    1486.69    1470.93 0.0000e+00
      69863   2469.000    -0.7307    -0.7312   2.940712   2.940149     1.6241      22.57     0.0160      0.250    6.61053    34.9162    34.9093    28.0743    1486.71    1470.93 0.0000e+00
      69981   2470.000    -0.7305    -0.7309   2.940756   2.940187     1.6241      21.59     0.0172      0.267    6.59803    34.9160    34.9089    28.0741    1486.73    1470.94 0.0000e+00
 -9.990e-29   2471.000 -9.990e-29 -9.990e-29 -9.990e-29 -9.990e-29 -9.990e-29 -9.990e-29 -9.990e-29 -9.990e-29 -9.990e-29 -9.990e-29 -9.990e-29 -9.990e-29 -9.990e-29    1470.94 -9.990e-29
 -9.990e-29   2472.000 -9.990e-29 -9.990e-29 -9.990e-29 -9.990e-29 -9.990e-29 -9.990e-29 -9.990e-29 -9.990e-29 -9.990e-29 -9.990e-29 -9.990e-29 -9.990e-29 -9.990e-29    1470.94 -9.990e-29
