Physical_Data/CTD_Data/Example_Data/sta0480.cnv
* Sea-Bird SBE 9 Data File:
* FileName = C:\Seabird\CTDData\sta0480.hex
* Software Version Seasave V 7.21f
* Temperature SN = 4340
* Conductivity SN = 3012
* Number of Bytes Per Scan = 34
* Number of Voltage Words = 3
* Number of Scans Averaged by the Deck Unit = 1
* NMEA Latitude = 73 49.78 N
* NMEA Longitude = 007 32.50 E
* NMEA UTC (Time) = Jun 23 2016 09:16:57
* NMEA baud rate = 4800
** Ship: 10 F/F "G. O. Sars"
** Station: 0480
** Echodepth: 602
** Log: 7761
** Wind-Dir Force: 20 14
** Air-temp (dry): 6.4
** Weather Sky: 2 5
** Sea Ice: 3 0
** Par light: 451
# nquan = 17                                
# nvalues = 591                         
# units = specified
# name 0 = scan: Scan Count
# name 1 = prDM: Pressure, Digiquartz [db]
# name 2 = t068C: Temperature [ITS-68, deg C]
# name 3 = t168C: Temperature, 2 [ITS-68, deg C]
# name 4 = c0S/m: Conductivity [S/m]
# name 5 = c1S/m: Conductivity, 2 [S/m]
# name 6 = sbeox0V: Oxygen raw, SBE 43 [V]
# name 7 = altM: Altimeter [m]
# name 8 = flC: Fluorescence, Chelsea Aqua 3 Chl Con [ug/l]
# name 9 = seaTurbMtr: Turbidity, Seapoint [FTU]
# name 10 = sbeox0ML/L: Oxygen, SBE 43 [ml/l], WS = 2
# name 11 = sal00: Salinity, Practical [PSU]
# name 12 = sal11: Salinity, Practical, 2 [PSU]
# name 13 = sigma-t00: Density [sigma-t, Kg/m^3 ]
# name 14 = svCM: Sound Velocity [Chen-Millero, m/s]
# name 15 = avgsvCM: Average Sound Velocity [Chen-Millero, m/s], minP = 1, minS = 5
# name 16 = flag: flag
# span 0 =        367,      17405       
# span 1 =      3.000,    593.000       
# span 2 =    -0.0514,     6.4825       
# span 3 =    -0.0537,     6.4826       
# span 4 =   2.919718,   3.491614       
# span 5 =   2.922647,   3.490788       
# span 6 =     2.0093,     2.5690       
# span 7 =      15.01,      99.21       
# span 8 =     0.0115,     1.1509       
# span 9 =      0.171,      2.995       
# span 10 =    6.60700,    7.25808      
# span 11 =    34.9097,    35.1299      
# span 12 =    34.8914,    35.1198      
# span 13 =    27.5852,    28.0382      
# span 14 =    1457.64,    1476.84      
# span 15 =    1465.63,    1476.84      
# span 16 = 0.0000e+00, 0.0000e+00      
# interval = decibars: 1                
# start_time = Jun 23 2016 09:17:00 [System UTC, header]
# bad_flag = -9.990e-29
*END*
[from data line 341]
       8745    344.000     2.1775     2.1756   3.108865   3.107961     2.1750      98.92     0.0215      0.247    6.82714    34.9976    34.9884    27.9554    1464.48    1470.10 0.0000e+00
       8768    345.000     2.1481     2.1458   3.106073   3.105177     2.1737      98.92     0.0244      0.241    6.83353    34.9944    34.9858    27.9553    1464.37    1470.09 0.0000e+00
       8791    346.000     2.1139     2.1138   3.103041   3.102300     2.1728      98.92     0.0239      0.271    6.83551    34.9936    34.9844    27.9574    1464.23    1470.07 0.0000e+00
       8815    347.000     2.0875     2.0875   3.100690   3.099973     2.1715      98.92     0.0201      0.266    6.83344    34.9927    34.9837    27.9588    1464.13    1470.05 0.0000e+00
       8839    348.000     2.0770     2.0749   3.099744   3.098803     2.1701      98.92     0.0192      0.266    6.83158    34.9918    34.9824    27.9590    1464.10    1470.04 0.0000e+00
       8864    349.000     2.0600     2.0604   3.098250   3.097568     2.1690      98.92     0.0214      0.249    6.84083    34.9913    34.9823    27.9599    1464.05    1470.02 0.0000e+00
       8888    350.000     2.0216     2.0217   3.094611   3.093943     2.1687      98.92     0.0234      0.236    6.85632    34.9874    34.9789    27.9599    1463.89    1470.00 0.0000e+00
       8912    351.000     1.9976     1.9980   3.092614   3.091953     2.1687      98.92     0.0242      0.242    6.85538    34.9882    34.9795    27.9625    1463.80    1469.98 0.0000e+00
       8935    352.000     1.9867     1.9872   3.091613   3.090959     2.1675      98.92     0.0218      0.307    6.84088    34.9871    34.9784    27.9625    1463.77    1469.97 0.0000e+00
       8958    353.000     1.9451     1.9444   3.087675   3.086910     2.1664      98.92     0.0192      0.254    6.85215    34.9830    34.9741    27.9625    1463.60    1469.95 0.0000e+00
       8981    354.000     1.8795     1.8795   3.081673   3.080965     2.1656      98.92     0.0190      0.241    6.85953    34.9793    34.9704    27.9648    1463.32    1469.93 0.0000e+00
       9005    355.000     1.8367     1.8361   3.077976   3.077203     2.1645      98.92     0.0157      0.238    6.86387    34.9795    34.9704    27.9683    1463.15    1469.91 0.0000e+00
       9029    356.000     1.8179     1.8178   3.076263   3.075549     2.1634      98.92     0.0259      0.232    6.85672    34.9781    34.9692    27.9686    1463.08    1469.89 0.0000e+00
       9052    357.000     1.7652     1.7645   3.071509   3.070732     2.1616      98.92     0.0296      0.237    6.85503    34.9758    34.9668    27.9709    1462.86    1469.87 0.0000e+00
       9075    358.000     1.7504     1.7504   3.070347   3.069641     2.1598      98.92     0.0255      0.235    6.85545    34.9770    34.9680    27.9729    1462.82    1469.85 0.0000e+00
       9100    359.000     1.7501     1.7503   3.070352   3.069679     2.1585      98.92     0.0257      0.239    6.85737    34.9768    34.9681    27.9728    1462.83    1469.83 0.0000e+00
       9125    360.000     1.7495     1.7496   3.070347   3.069697     2.1573      98.92     0.0244      0.224    6.85490    34.9768    34.9685    27.9729    1462.84    1469.81 0.0000e+00
       9147    361.000     1.7481     1.7481   3.070288   3.069609     2.1564      98.92     0.0234      0.226    6.85395    34.9770    34.9685    27.9732    1462.86    1469.79 0.0000e+00
       9170    362.000     1.7422     1.7424   3.069802   3.069158     2.1554      98.92     0.0222      0.366    6.85920    34.9769    34.9685    27.9735    1462.85    1469.77 0.0000e+00
       9193    363.000     1.7345     1.7346   3.069206   3.068552     2.1553      98.92     0.0194      0.249    6.87479    34.9773    34.9689    27.9744    1462.83    1469.75 0.0000e+00
       9219    364.000     1.7267     1.7267   3.068573   3.067909     2.1559      98.92     0.0189      0.237    6.88312    34.9773    34.9689    27.9750    1462.81    1469.74 0.0000e+00
       9245    365.000     1.7037     1.7037   3.066519   3.065862     2.1562      98.92     0.0186      0.257    6.88518    34.9763    34.9680    27.9759    1462.72    1469.72 0.0000e+00
       9268    366.000     1.6831     1.6826   3.064812   3.064125     2.1561      98.92     0.0180      0.233    6.88468    34.9769    34.9688    27.9780    1462.65    1469.70 0.0000e+00
       9290    367.000     1.6725     1.6731   3.063914   3.063278     2.1561      98.92     0.0176      0.237    6.89402    34.9767    34.9680    27.9787    1462.62    1469.68 0.0000e+00
       9312    368.000     1.6662     1.6667   3.063401   3.062798     2.1565      98.92     0.0205      0.242    6.89685    34.9766    34.9684    27.9791    1462.61    1469.66 0.0000e+00
       9335    369.000     1.6608     1.6612   3.062986   3.062354     2.1565      98.92     0.0219      0.230    6.89690    34.9768    34.9683    27.9796    1462.60    1469.64 0.0000e+00
       9359    370.000     1.6594     1.6592   3.062936   3.062276     2.1567      98.92     0.0215      0.233    6.90675    34.9771    34.9690    27.9800    1462.61    1469.62 0.0000e+00
       9385    371.000     1.6556     1.6562   3.062634   3.062051     2.1575      98.92     0.0220      0.234    6.91289    34.9769    34.9689    27.9801    1462.61    1469.60 0.0000e+00
       9410    372.000     1.6432     1.6414   3.061585   3.060739     2.1581      98.92     0.0212      0.268    6.91303    34.9768    34.9681    27.9810    1462.57    1469.58 0.0000e+00
       9434    373.000     1.6203     1.6191   3.059406   3.058651     2.1578      98.92     0.0215      0.302    6.90597    34.9740    34.9658    27.9805    1462.48    1469.56 0.0000e+00
       9457    374.000     1.5686     1.5669   3.054646   3.053809     2.1575      98.92     0.0220      0.226    6.91458    34.9704    34.9617    27.9815    1462.27    1469.54 0.0000e+00
       9480    375.000     1.5439     1.5438   3.052508   3.051817     2.1568      98.93     0.0218      0.229    6.91145    34.9701    34.9615    27.9831    1462.17    1469.52 0.0000e+00
       9502    376.000     1.4781     1.4752   3.046249   3.045291     2.1561      98.92     0.0234      0.222    6.92173    34.9631    34.9541    27.9823    1461.89    1469.50 0.0000e+00
       9526    377.000     1.4505     1.4501   3.043966   3.043208     2.1552      98.92     0.0246      0.226    6.92346    34.9641    34.9549    27.9851    1461.79    1469.48 0.0000e+00
       9550    378.000     1.4154     1.4114   3.040612   3.039582     2.1543      98.92     0.0239      0.232    6.92455    34.9598    34.9512    27.9842    1461.64    1469.46 0.0000e+00
       9575    379.000     1.3787     1.3777   3.037294   3.036517     2.1529      98.92     0.0207      0.234    6.92895    34.9578    34.9490    27.9853    1461.49    1469.44 0.0000e+00
       9600    380.000     1.3483     1.3477   3.034537   3.033813     2.1521      98.92     0.0213      0.219    6.93481    34.9559    34.9473    27.9859    1461.37    1469.42 0.0000e+00
       9623    381.000     1.3291     1.3294   3.032848   3.032198     2.1514      98.92     0.0208      0.226    6.93753    34.9551    34.9465    27.9867    1461.30    1469.40 0.0000e+00
       9646    382.000     1.3068     1.3066   3.030786   3.030101     2.1505      98.92     0.0227      0.276    6.93376    34.9530    34.9445    27.9866    1461.21    1469.38 0.0000e+00
       9670    383.000     1.2937     1.2937   3.029723   3.029081     2.1492      98.92     0.0226      0.257    6.92217    34.9534    34.9452    27.9878    1461.17    1469.35 0.0000e+00
       9694    384.000     1.2927     1.2919   3.029657   3.028914     2.1473      98.92     0.0182      0.228    6.90806    34.9531    34.9445    27.9877    1461.18    1469.33 0.0000e+00
       9717    385.000     1.2814     1.2818   3.028660   3.028059     2.1453      98.92     0.0170      0.218    6.90342    34.9524    34.9442    27.9879    1461.15    1469.31 0.0000e+00
       9739    386.000     1.2618     1.2629   3.026827   3.026257     2.1436      98.92     0.0187      0.219    6.90007    34.9502    34.9417    27.9875    1461.08    1469.29 0.0000e+00
       9762    387.000     1.2385     1.2387   3.024816   3.024181     2.1414      98.92     0.0174      0.226    6.89520    34.9498    34.9415    27.9889    1460.99    1469.27 0.0000e+00
       9786    388.000     1.2331     1.2334   3.024442   3.023819     2.1396      98.92     0.0173      0.226    6.89918    34.9505    34.9422    27.9898    1460.98    1469.25 0.0000e+00
       9811    389.000     1.2339     1.2340   3.024592   3.023963     2.1380      98.92     0.0246      0.252    6.89371    34.9509    34.9428    27.9901    1461.00    1469.23 0.0000e+00
       9835    390.000     1.2234     1.2214   3.023634   3.022789     2.1366      98.92     0.0244      0.232    6.89256    34.9498    34.9412    27.9899    1460.97    1469.21 0.0000e+00
       9858    391.000     1.1936     1.1944   3.021066   3.020520     2.1352      98.91     0.0253      0.246    6.89527    34.9496    34.9417    27.9918    1460.85    1469.18 0.0000e+00
       9882    392.000     1.1851     1.1859   3.020326   3.019757     2.1341      98.77     0.0260      0.244    6.89891    34.9490    34.9408    27.9919    1460.83    1469.16 0.0000e+00
       9906    393.000     1.1758     1.1760   3.019561   3.018942     2.1332      98.89     0.0236      0.234    6.90827    34.9490    34.9408    27.9925    1460.80    1469.14 0.0000e+00
       9930    394.000     1.1727     1.1727   3.019328   3.018691     2.1332      98.92     0.0212      0.235    6.91995    34.9488    34.9407    27.9927    1460.81    1469.12 0.0000e+00
       9953    395.000     1.1723     1.1723   3.019360   3.018725     2.1335      98.93     0.0216      0.256    6.92538    34.9491    34.9410    27.9929    1460.82    1469.10 0.0000e+00
       9975    396.000     1.1719     1.1720   3.019364   3.018728     2.1338      98.92     0.0238      0.233    6.93221    34.9490    34.9408    27.9929    1460.84    1469.08 0.0000e+00
       9997    397.000     1.1510     1.1516   3.017357   3.016803     2.1346      98.92     0.0253      0.235    6.93752    34.9460    34.9383    27.9919    1460.76    1469.06 0.0000e+00
      10021    398.000     1.1337     1.1326   3.015984   3.015244     2.1346      98.92     0.0236      0.230    6.93128    34.9471    34.9389    27.9940    1460.70    1469.04 0.0000e+00
      10046    399.000     1.1207     1.1199   3.014824   3.014093     2.1341      98.92     0.0236      0.222    6.92667    34.9462    34.9377    27.9941    1460.65    1469.01 0.0000e+00
      10072    400.000     1.1122     1.1124   3.014154   3.013530     2.1335      98.92     0.0255      0.426    6.92229    34.9465    34.9383    27.9949    1460.63    1468.99 0.0000e+00
      10094    401.000     1.1103     1.1103   3.014042   3.013417     2.1327      98.91     0.0264      0.225    6.92579    34.9466    34.9386    27.9952    1460.64    1468.97 0.0000e+00
      10116    402.000     1.0995     1.0963   3.013019   3.012089     2.1326      98.92     0.0233      0.242    6.93189    34.9449    34.9366    27.9946    1460.61    1468.95 0.0000e+00
      10139    403.000     1.0585     1.0561   3.009397   3.008545     2.1323      98.92     0.0197      0.238    6.94201    34.9436    34.9353    27.9963    1460.44    1468.93 0.0000e+00
      10163    404.000     1.0468     1.0442   3.008485   3.007581     2.1322      98.92     0.0245      0.213    6.93904    34.9444    34.9356    27.9977    1460.40    1468.91 0.0000e+00
      10188    405.000     1.0224     1.0205   3.006162   3.005374     2.1314      98.92     0.0267      0.212    6.93744    34.9412    34.9332    27.9968    1460.30    1468.89 0.0000e+00
      10212    406.000     0.9983     0.9985   3.004131   3.003503     2.1310      98.92     0.0229      0.217    6.95474    34.9414    34.9331    27.9986    1460.21    1468.87 0.0000e+00
      10235    407.000     0.9921     0.9899   3.003604   3.002749     2.1314      98.92     0.0198      0.236    6.96093    34.9410    34.9324    27.9986    1460.20    1468.84 0.0000e+00
      10258    408.000     0.9806     0.9803   3.002616   3.001966     2.1314      98.92     0.0204      0.256    6.95993    34.9405    34.9325    27.9991    1460.17    1468.82 0.0000e+00
      10283    409.000     0.9786     0.9788   3.002495   3.001873     2.1311      98.92     0.0199      0.220    6.95590    34.9406    34.9324    27.9993    1460.17    1468.80 0.0000e+00
      10308    410.000     0.9770     0.9783   3.002385   3.001847     2.1309      98.92     0.0226      0.224    6.95279    34.9404    34.9320    27.9992    1460.18    1468.78 0.0000e+00
      10332    411.000     0.9441     0.9429   2.999273   2.998550     2.1301      98.92     0.0241      0.248    6.94816    34.9365    34.9285    27.9983    1460.05    1468.76 0.0000e+00
      10354    412.000     0.9167     0.9163   2.996992   2.996330     2.1293      98.92     0.0233      0.224    6.94743    34.9372    34.9291    28.0006    1459.94    1468.74 0.0000e+00
      10377    413.000     0.8964     0.8958   2.995132   2.994432     2.1279      98.92     0.0251      0.215    6.94642    34.9353    34.9269    28.0004    1459.86    1468.72 0.0000e+00
      10401    414.000     0.8685     0.8680   2.992721   2.992032     2.1270      98.92     0.0241      0.218    6.95571    34.9348    34.9265    28.0019    1459.75    1468.69 0.0000e+00
      10426    415.000     0.8541     0.8538   2.991514   2.990853     2.1263      98.92     0.0236      0.218    6.95585    34.9348    34.9266    28.0028    1459.70    1468.67 0.0000e+00
      10450    416.000     0.8453     0.8451   2.990753   2.990096     2.1255      98.92     0.0252      0.232    6.95751    34.9342    34.9259    28.0029    1459.68    1468.65 0.0000e+00
      10474    417.000     0.8317     0.8316   2.989629   2.988980     2.1250      98.93     0.0212      0.273    6.96674    34.9343    34.9260    28.0039    1459.64    1468.63 0.0000e+00
      10498    418.000     0.8256     0.8254   2.989148   2.988494     2.1248      98.92     0.0257      0.238    6.97130    34.9344    34.9261    28.0043    1459.62    1468.61 0.0000e+00
      10523    419.000     0.8187     0.8193   2.988589   2.988005     2.1247      98.92     0.0282      0.224    6.97121    34.9343    34.9260    28.0047    1459.61    1468.59 0.0000e+00
      10546    420.000     0.8127     0.8112   2.988094   2.987303     2.1243      98.92     0.0259      0.294    6.96506    34.9340    34.9255    28.0049    1459.60    1468.56 0.0000e+00
      10569    421.000     0.7981     0.7976   2.986865   2.986197     2.1239      98.92     0.0294      0.227    6.97579    34.9339    34.9258    28.0057    1459.55    1468.54 0.0000e+00
      10592    422.000     0.7926     0.7930   2.986389   2.985805     2.1240      98.92     0.0366      0.223    6.98768    34.9333    34.9253    28.0056    1459.54    1468.52 0.0000e+00
      10615    423.000     0.7850     0.7854   2.985803   2.985209     2.1246      98.92     0.0283      0.238    6.99483    34.9337    34.9255    28.0064    1459.52    1468.50 0.0000e+00
      10641    424.000     0.7828     0.7826   2.985658   2.985012     2.1251      98.92     0.0249      0.223    7.00095    34.9337    34.9255    28.0065    1459.53    1468.48 0.0000e+00
      10665    425.000     0.7787     0.7813   2.985268   2.984872     2.1260      98.93     0.0250      0.230    7.00447    34.9326    34.9246    28.0060    1459.52    1468.46 0.0000e+00
      10689    426.000     0.7613     0.7600   2.983845   2.983109     2.1262      98.92     0.0236      0.238    6.99973    34.9331    34.9251    28.0075    1459.46    1468.44 0.0000e+00
      10711    427.000     0.7582     0.7589   2.983605   2.983028     2.1262      98.92     0.0239      0.228    7.00283    34.9329    34.9247    28.0075    1459.47    1468.42 0.0000e+00
