Physical_Data/CTD_Data/Example_Data/sta0477.cnv
* Sea-Bird SBE 9 Data File:
* FileName = C:\Seabird\CTDData\sta0477.hex
* Software Version Seasave V 7.21f
* Temperature SN = 4340
* Conductivity SN = 3012
* Number of Bytes Per Scan = 34
* Number of Voltage Words = 3
* Number of Scans Averaged by the Deck Unit = 1
* NMEA Latitude = 73 49.54 N
* NMEA Longitude = 007 28.68 E
* NMEA UTC (Time) = Jun 22 2016 08:27:40
* NMEA baud rate = 4800
** Ship: 10 F/F "G. O. Sars"
** Station: 0477
** Echodepth: 1000
** Log: 7736.632
** Wind-Dir Force: 33 02
** Air-temp (dry): 7.7
** Weather Sky: 2 5
** Sea Ice: 2 0
** Par light: 451
# nquan = 17                                
# nvalues = 999                         
# units = specified
# name 0 = scan: Scan Count
# name 1 = prDM: Pressure, Digiquartz [db]
# name 2 = t068C: Temperature [ITS-68, deg C]
# name 3 = t168C: Temperature, 2 [ITS-68, deg C]
# name 4 = c0S/m: Conductivity [S/m]
# name 5 = c1S/m: Conductivity, 2 [S/m]
# name 6 = sbeox0V: Oxygen raw, SBE 43 [V]
# name 7 = altM: Altimeter [m]
# name 8 = flC: Fluorescence, Chelsea Aqua 3 Chl Con [ug/l]
# name 9 = seaTurbMtr: Turbidity, Seapoint [FTU]
# name 10 = sbeox0ML/L: Oxygen, SBE 43 [ml/l], WS = 2
# name 11 = sal00: Salinity, Practical [PSU]
# name 12 = sal11: Salinity, Practical, 2 [PSU]
# name 13 = sigma-t00: Density [sigma-t, Kg/m^3 ]
# name 14 = svCM: Sound Velocity [Chen-Millero, m/s]
# name 15 = avgsvCM: Average Sound Velocity [Chen-Millero, m/s], minP = 1, minS = 5
# name 16 = flag: flag
# span 0 =        682,      26537       
# span 1 =      4.000,   1002.000       
# span 2 =    -0.4959,     6.1466       
# span 3 =    -0.4907,     6.1500       
# span 4 =   2.899612,   3.460506       
# span 5 =   2.902099,   3.459873       
# span 6 =     1.8939,     2.5608       
# span 7 =       7.23,      99.18       
# span 8 =     0.0084,     1.2135       
# span 9 =      0.165,      2.573       
# span 10 =    6.58015,    7.32995      
# span 11 =    34.9062,    35.1347      
# span 12 =    34.8979,    35.1252      
# span 13 =    27.6264,    28.0588      
# span 14 =    1457.39,    1475.57      
# span 15 =    1462.72,    1475.50      
# span 16 = 0.0000e+00, 0.0000e+00      
# interval = decibars: 1                
# start_time = Jun 22 2016 08:27:43 [System UTC, header]
# bad_flag = -9.990e-29
*END*
[from data line 766]
      19052    770.000    -0.3097    -0.2656   2.905546   2.908568     1.9540      98.91     0.0167      0.176    6.75034    34.9131    34.9031    28.0521    1460.19    1463.02 0.0000e+00
      19074    771.000    -0.3092    -0.2657   2.905631   2.908539     1.9536      98.91     0.0145      0.264    6.74653    34.9131    34.9023    28.0521    1460.21    1463.02 0.0000e+00
      19096    772.000    -0.3092    -0.2667   2.905675   2.908501     1.9535      98.91     0.0141      0.172    6.74955    34.9131    34.9023    28.0521    1460.23    1463.02 0.0000e+00
      19117    773.000    -0.3091    -0.2680   2.905733   2.908466     1.9533      98.91     0.0146      0.231    6.75244    34.9131    34.9027    28.0521    1460.25    1463.01 0.0000e+00
      19140    774.000    -0.3095    -0.2694   2.905733   2.908423     1.9534      98.91     0.0167      0.175    6.75348    34.9130    34.9032    28.0521    1460.26    1463.01 0.0000e+00
      19166    775.000    -0.3100    -0.2704   2.905727   2.908409     1.9531      98.92     0.0155      0.174    6.75248    34.9129    34.9035    28.0520    1460.27    1463.01 0.0000e+00
      19191    776.000    -0.3100    -0.2708   2.905778   2.908395     1.9533      98.91     0.0155      0.182    6.75480    34.9130    34.9032    28.0521    1460.29    1463.00 0.0000e+00
      19215    777.000    -0.3102    -0.2712   2.905806   2.908381     1.9528      98.91     0.0152      0.173    6.74688    34.9130    34.9029    28.0521    1460.31    1463.00 0.0000e+00
      19237    778.000    -0.3102    -0.2718   2.905860   2.908334     1.9528      98.91     0.0164      0.176    6.75488    34.9131    34.9023    28.0522    1460.32    1463.00 0.0000e+00
      19258    779.000    -0.3091    -0.2731   2.906003   2.908259     1.9528      98.91     0.0187      0.173    6.75166    34.9132    34.9022    28.0522    1460.34    1462.99 0.0000e+00
      19281    780.000    -0.3089    -0.2736   2.906060   2.908172     1.9523      98.91     0.0186      0.172    6.74715    34.9131    34.9011    28.0521    1460.36    1462.99 0.0000e+00
      19305    781.000    -0.3094    -0.2751   2.906052   2.908091     1.9522      98.91     0.0181      0.182    6.75369    34.9130    34.9011    28.0521    1460.38    1462.99 0.0000e+00
      19330    782.000    -0.3093    -0.2779   2.906104   2.908017     1.9520      98.91     0.0178      0.182    6.75220    34.9130    34.9027    28.0520    1460.39    1462.98 0.0000e+00
      19353    783.000    -0.3093    -0.2792   2.906155   2.907942     1.9518      98.91     0.0157      0.183    6.74590    34.9131    34.9026    28.0521    1460.41    1462.98 0.0000e+00
      19376    784.000    -0.3096    -0.2799   2.906174   2.907846     1.9514      98.91     0.0149      0.199    6.74280    34.9131    34.9015    28.0521    1460.42    1462.98 0.0000e+00
      19400    785.000    -0.3096    -0.2815   2.906223   2.907771     1.9508      98.92     0.0142      0.185    6.74183    34.9131    34.9018    28.0522    1460.44    1462.97 0.0000e+00
      19424    786.000    -0.3093    -0.2832   2.906287   2.907735     1.9503      98.91     0.0132      0.173    6.73781    34.9131    34.9026    28.0521    1460.46    1462.97 0.0000e+00
      19448    787.000    -0.3093    -0.2844   2.906341   2.907666     1.9498      98.91     0.0171      0.171    6.74442    34.9132    34.9025    28.0522    1460.48    1462.97 0.0000e+00
      19471    788.000    -0.3092    -0.2855   2.906381   2.907595     1.9497      98.91     0.0155      0.174    6.75031    34.9130    34.9022    28.0521    1460.49    1462.96 0.0000e+00
      19493    789.000    -0.3093    -0.2867   2.906415   2.907565     1.9498      98.91     0.0170      0.176    6.74596    34.9130    34.9026    28.0521    1460.51    1462.96 0.0000e+00
      19516    790.000    -0.3093    -0.2879   2.906470   2.907537     1.9492      98.91     0.0179      0.232    6.74014    34.9132    34.9030    28.0522    1460.52    1462.96 0.0000e+00
      19540    791.000    -0.3090    -0.2890   2.906529   2.907480     1.9491      98.91     0.0132      0.175    6.74431    34.9130    34.9029    28.0520    1460.54    1462.95 0.0000e+00
      19566    792.000    -0.3097    -0.2895   2.906527   2.907445     1.9487      98.91     0.0099      0.168    6.74488    34.9132    34.9024    28.0522    1460.56    1462.95 0.0000e+00
      19590    793.000    -0.3092    -0.2898   2.906615   2.907419     1.9487      98.91     0.0130      0.225    6.74999    34.9132    34.9018    28.0522    1460.57    1462.95 0.0000e+00
      19614    794.000    -0.3100    -0.2911   2.906571   2.907415     1.9487      98.91     0.0141      0.175    6.74701    34.9129    34.9027    28.0520    1460.59    1462.94 0.0000e+00
      19636    795.000    -0.3121    -0.2915   2.906454   2.907409     1.9484      98.91     0.0137      0.172    6.74815    34.9132    34.9025    28.0523    1460.59    1462.94 0.0000e+00
      19657    796.000    -0.3123    -0.2924   2.906475   2.907389     1.9484      98.92     0.0160      0.173    6.74798    34.9131    34.9026    28.0523    1460.61    1462.94 0.0000e+00
      19680    797.000    -0.3177    -0.2935   2.906045   2.907372     1.9482      98.91     0.0173      0.170    6.74733    34.9129    34.9031    28.0524    1460.60    1462.94 0.0000e+00
      19704    798.000    -0.3197    -0.2929   2.905921   2.907376     1.9477      98.91     0.0166      0.169    6.74223    34.9130    34.9019    28.0526    1460.61    1462.93 0.0000e+00
      19730    799.000    -0.3211    -0.2945   2.905839   2.907383     1.9476      98.91     0.0134      0.183    6.75111    34.9129    34.9032    28.0526    1460.62    1462.93 0.0000e+00
      19754    800.000    -0.3212    -0.2948   2.905895   2.907405     1.9475      98.91     0.0139      0.170    6.75151    34.9132    34.9032    28.0528    1460.63    1462.93 0.0000e+00
      19778    801.000    -0.3204    -0.2948   2.905994   2.907382     1.9475      98.91     0.0105      0.177    6.75292    34.9130    34.9023    28.0526    1460.65    1462.92 0.0000e+00
      19800    802.000    -0.3210    -0.2959   2.906003   2.907386     1.9474      98.91     0.0084      0.172    6.75229    34.9132    34.9030    28.0528    1460.67    1462.92 0.0000e+00
      19824    803.000    -0.3181    -0.2965   2.906293   2.907408     1.9473      98.92     0.0177      0.177    6.75084    34.9132    34.9034    28.0526    1460.70    1462.92 0.0000e+00
      19848    804.000    -0.3173    -0.2965   2.906389   2.907427     1.9472      98.91     0.0171      0.171    6.75675    34.9129    34.9031    28.0524    1460.72    1462.92 0.0000e+00
      19872    805.000    -0.3152    -0.2964   2.906638   2.907463     1.9473      98.92     0.0136      0.170    6.75156    34.9133    34.9029    28.0526    1460.75    1462.91 0.0000e+00
      19896    806.000    -0.3262    -0.2968   2.905676   2.907493     1.9472      98.91     0.0149      0.176    6.75151    34.9124    34.9031    28.0524    1460.71    1462.91 0.0000e+00
      19921    807.000    -0.3304    -0.2970   2.905401   2.907511     1.9465      98.91     0.0166      0.171    6.74575    34.9129    34.9030    28.0531    1460.71    1462.91 0.0000e+00
      19946    808.000    -0.3296    -0.2972   2.905518   2.907513     1.9464      98.92     0.0150      0.193    6.75242    34.9130    34.9027    28.0531    1460.73    1462.91 0.0000e+00
      19970    809.000    -0.3306    -0.2977   2.905471   2.907504     1.9462      98.91     0.0147      0.172    6.75264    34.9129    34.9026    28.0530    1460.74    1462.90 0.0000e+00
      19992    810.000    -0.3313    -0.2983   2.905453   2.907483     1.9459      98.91     0.0152      0.175    6.74802    34.9129    34.9024    28.0531    1460.75    1462.90 0.0000e+00
      20015    811.000    -0.3324    -0.2995   2.905405   2.907470     1.9455      98.91     0.0165      0.185    6.74292    34.9129    34.9030    28.0531    1460.76    1462.90 0.0000e+00
      20038    812.000    -0.3316    -0.3000   2.905519   2.907458     1.9450      98.91     0.0163      0.170    6.74892    34.9129    34.9028    28.0531    1460.78    1462.89 0.0000e+00
      20063    813.000    -0.3293    -0.3007   2.905762   2.907446     1.9450      98.91     0.0134      0.195    6.75138    34.9130    34.9028    28.0530    1460.81    1462.89 0.0000e+00
      20087    814.000    -0.3283    -0.3008   2.905871   2.907417     1.9449      98.91     0.0133      0.171    6.75587    34.9127    34.9020    28.0527    1460.83    1462.89 0.0000e+00
      20111    815.000    -0.3314    -0.3020   2.905670   2.907392     1.9449      98.92     0.0126      0.169    6.75280    34.9130    34.9024    28.0531    1460.83    1462.89 0.0000e+00
      20134    816.000    -0.3328    -0.3028   2.905602   2.907373     1.9447      98.91     0.0152      0.173    6.74843    34.9131    34.9025    28.0533    1460.84    1462.88 0.0000e+00
      20158    817.000    -0.3327    -0.3039   2.905639   2.907385     1.9442      98.92     0.0145      0.181    6.74797    34.9129    34.9033    28.0531    1460.86    1462.88 0.0000e+00
      20182    818.000    -0.3317    -0.3038   2.905767   2.907368     1.9441      98.91     0.0129      0.183    6.75154    34.9128    34.9024    28.0530    1460.88    1462.88 0.0000e+00
      20205    819.000    -0.3317    -0.3044   2.905806   2.907303     1.9439      98.91     0.0155      0.173    6.74694    34.9128    34.9016    28.0530    1460.90    1462.88 0.0000e+00
      20227    820.000    -0.3312    -0.3056   2.905917   2.907254     1.9435      98.91     0.0137      0.175    6.74845    34.9131    34.9018    28.0532    1460.92    1462.87 0.0000e+00
      20250    821.000    -0.3318    -0.3066   2.905894   2.907240     1.9433      98.91     0.0133      0.184    6.74705    34.9129    34.9021    28.0531    1460.93    1462.87 0.0000e+00
      20275    822.000    -0.3335    -0.3073   2.905798   2.907213     1.9430      98.91     0.0113      0.283    6.74701    34.9129    34.9020    28.0532    1460.94    1462.87 0.0000e+00
      20301    823.000    -0.3336    -0.3083   2.905326   2.907210     1.9427      98.91     0.0118      0.173    6.75113    34.9062    34.9025    28.0477    1460.95    1462.87 0.0000e+00
      20326    824.000    -0.3322    -0.3082   2.906017   2.907175     1.9427      98.91     0.0151      0.170    6.75357    34.9132    34.9013    28.0534    1460.98    1462.87 0.0000e+00
      20348    825.000    -0.3316    -0.3095   2.906093   2.907121     1.9426      98.91     0.0158      0.169    6.75315    34.9129    34.9015    28.0531    1461.00    1462.86 0.0000e+00
      20370    826.000    -0.3325    -0.3109   2.906074   2.907084     1.9427      98.91     0.0145      0.173    6.75546    34.9131    34.9020    28.0533    1461.01    1462.86 0.0000e+00
      20392    827.000    -0.3321    -0.3117   2.906132   2.907051     1.9426      98.91     0.0138      0.218    6.75612    34.9129    34.9019    28.0531    1461.03    1462.86 0.0000e+00
      20416    828.000    -0.3311    -0.3124   2.906272   2.907027     1.9427      98.92     0.0161      0.168    6.75855    34.9130    34.9018    28.0531    1461.05    1462.86 0.0000e+00
      20441    829.000    -0.3330    -0.3138   2.906140   2.907025     1.9427      98.91     0.0146      0.180    6.75404    34.9128    34.9028    28.0531    1461.06    1462.85 0.0000e+00
      20466    830.000    -0.3323    -0.3142   2.906266   2.907022     1.9422      98.91     0.0162      0.172    6.74194    34.9131    34.9026    28.0533    1461.08    1462.85 0.0000e+00
      20490    831.000    -0.3339    -0.3145   2.906155   2.907022     1.9415      98.91     0.0156      0.185    6.74495    34.9129    34.9023    28.0532    1461.09    1462.85 0.0000e+00
      20513    832.000    -0.3342    -0.3148   2.906183   2.906996     1.9413      98.91     0.0156      0.179    6.75087    34.9130    34.9017    28.0533    1461.10    1462.85 0.0000e+00
      20536    833.000    -0.3353    -0.3154   2.906123   2.906966     1.9412      98.91     0.0178      0.198    6.75197    34.9129    34.9014    28.0532    1461.11    1462.85 0.0000e+00
      20558    834.000    -0.3364    -0.3167   2.906067   2.906956     1.9410      98.91     0.0184      0.175    6.75531    34.9128    34.9022    28.0532    1461.12    1462.84 0.0000e+00
      20582    835.000    -0.3366    -0.3176   2.906105   2.906944     1.9411      98.91     0.0191      0.180    6.75448    34.9129    34.9025    28.0533    1461.14    1462.84 0.0000e+00
      20605    836.000    -0.3364    -0.3182   2.906161   2.906948     1.9409      98.91     0.0192      0.171    6.75551    34.9129    34.9026    28.0533    1461.16    1462.84 0.0000e+00
      20630    837.000    -0.3361    -0.3189   2.906225   2.906962     1.9409      98.92     0.0158      0.175    6.75653    34.9128    34.9030    28.0532    1461.18    1462.84 0.0000e+00
      20655    838.000    -0.3364    -0.3189   2.906250   2.906983     1.9407      98.91     0.0191      0.170    6.74885    34.9129    34.9027    28.0533    1461.19    1462.84 0.0000e+00
      20678    839.000    -0.3373    -0.3190   2.906204   2.906974     1.9404      98.92     0.0193      0.178    6.75375    34.9127    34.9021    28.0532    1461.20    1462.83 0.0000e+00
      20702    840.000    -0.3407    -0.3196   2.905934   2.906951     1.9403      98.91     0.0197      0.180    6.75568    34.9124    34.9019    28.0531    1461.20    1462.83 0.0000e+00
      20725    841.000    -0.3482    -0.3208   2.905359   2.906966     1.9400      98.91     0.0164      0.171    6.75147    34.9127    34.9029    28.0537    1461.19    1462.83 0.0000e+00
      20749    842.000    -0.3543    -0.3211   2.904858   2.906982     1.9397      98.91     0.0173      0.171    6.74853    34.9124    34.9029    28.0538    1461.17    1462.83 0.0000e+00
      20774    843.000    -0.3542    -0.3212   2.904916   2.907010     1.9389      98.91     0.0170      0.181    6.74342    34.9124    34.9028    28.0538    1461.19    1462.83 0.0000e+00
      20799    844.000    -0.3564    -0.3215   2.904755   2.907034     1.9385      93.51     0.0144      0.203    6.73467    34.9122    34.9028    28.0537    1461.20    1462.82 0.0000e+00
      20823    845.000    -0.3577    -0.3217   2.904707   2.907053     1.9373      60.21     0.0135      0.179    6.75106    34.9125    34.9027    28.0540    1461.21    1462.82 0.0000e+00
      20848    846.000    -0.3577    -0.3219   2.904749   2.907088     1.9380      99.13     0.0151      0.167    6.76052    34.9124    34.9028    28.0540    1461.22    1462.82 0.0000e+00
      20872    847.000    -0.3584    -0.3219   2.904733   2.907112     1.9378      98.91     0.0122      0.168    6.75068    34.9124    34.9026    28.0540    1461.24    1462.82 0.0000e+00
      20897    848.000    -0.3583    -0.3225   2.904784   2.907107     1.9373      98.91     0.0125      0.172    6.73941    34.9124    34.9026    28.0540    1461.25    1462.82 0.0000e+00
      20921    849.000    -0.3588    -0.3228   2.904784   2.907096     1.9367      98.91     0.0158      0.173    6.74526    34.9124    34.9022    28.0540    1461.27    1462.82 0.0000e+00
      20944    850.000    -0.3596    -0.3234   2.904760   2.907091     1.9365      98.91     0.0129      0.172    6.74700    34.9124    34.9022    28.0540    1461.28    1462.81 0.0000e+00
      20966    851.000    -0.3606    -0.3240   2.904739   2.907093     1.9360      98.91     0.0121      0.172    6.73571    34.9127    34.9024    28.0543    1461.29    1462.81 0.0000e+00
      20989    852.000    -0.3604    -0.3250   2.904788   2.907070     1.9355      98.91     0.0135      0.170    6.74406    34.9125    34.9026    28.0542    1461.31    1462.81 0.0000e+00
      21013    853.000    -0.3605    -0.3255   2.904817   2.907032     1.9354      98.91     0.0147      0.168    6.74558    34.9124    34.9021    28.0541    1461.33    1462.81 0.0000e+00
      21039    854.000    -0.3621    -0.3268   2.904724   2.906996     1.9349      98.91     0.0171      0.170    6.73891    34.9124    34.9025    28.0542    1461.34    1462.81 0.0000e+00
