Physical_Data/CTD_Data/Example_Data/sta0474.cnv
* Sea-Bird SBE 9 Data File:
* FileName = C:\Seabird\CTDData\sta0474.hex
* Software Version Seasave V 7.21f
* Temperature SN = 4340
* Conductivity SN = 3012
* Number of Bytes Per Scan = 34
* Number of Voltage Words = 3
* Number of Scans Averaged by the Deck Unit = 1
* NMEA Latitude = 73 48.66 N
* NMEA Longitude = 007 32.88 E
* NMEA UTC (Time) = Jun 22 2016 05:47:16
* NMEA baud rate = 4800
** Ship: 10 F/F "G. O. Sars"
** Station: 0474
** Echodepth: 928
** Log: 7734.484
** Wind-Dir Force: 19 04
** Air-temp (dry): 4.7
** Weather Sky: 2 5
** Sea Ice: 3 0
** Par light: 451
# nquan = 17                                
# nvalues = 916                         
# units = specified
# name 0 = scan: Scan Count
# name 1 = prDM: Pressure, Digiquartz [db]
# name 2 = t068C: Temperature [ITS-68, deg C]
# name 3 = t168C: Temperature, 2 [ITS-68, deg C]
# name 4 = c0S/m: Conductivity [S/m]
# name 5 = c1S/m: Conductivity, 2 [S/m]
# name 6 = sbeox0V: Oxygen raw, SBE 43 [V]
# name 7 = altM: Altimeter [m]
# name 8 = flC: Fluorescence, Chelsea Aqua 3 Chl Con [ug/l]
# name 9 = seaTurbMtr: Turbidity, Seapoint [FTU]
# name 10 = sbeox0ML/L: Oxygen, SBE 43 [ml/l], WS = 2
# name 11 = sal00: Salinity, Practical [PSU]
# name 12 = sal11: Salinity, Practical, 2 [PSU]
# name 13 = sigma-t00: Density [sigma-t, Kg/m^3 ]
# name 14 = svCM: Sound Velocity [Chen-Millero, m/s]
# name 15 = avgsvCM: Average Sound Velocity [Chen-Millero, m/s], minP = 1, minS = 5
# name 16 = flag: flag
# span 0 =         95,      23150       
# span 1 =      2.000,    917.000       
# span 2 =    -0.3767,     6.4300       
# span 3 =    -0.3687,     6.4285       
# span 4 =   2.905713,   3.487087       
# span 5 =   2.909029,   3.486117       
# span 6 =     1.9166,     2.5573       
# span 7 =      35.09,      99.63       
# span 8 =     0.0094,     1.1004       
# span 9 =      0.168,      2.710       
# span 10 =    6.61125,    7.28989      
# span 11 =    34.9106,    35.1282      
# span 12 =    34.8953,    35.1172      
# span 13 =    27.5954,    28.0541      
# span 14 =    1458.53,    1476.62      
# span 15 =    1463.80,    1476.62      
# span 16 = 0.0000e+00, 0.0000e+00      
# interval = decibars: 1                
# start_time = Jun 22 2016 05:47:18 [System UTC, header]
# bad_flag = -9.990e-29
*END*
         95      2.000     6.4300     6.4285   3.487087   3.486117     2.5498      98.88     0.4596      2.185    7.16509    35.1249    35.1156    27.5954    1476.62    1476.62 0.0000e+00
        567      3.000     6.3965     6.3964   3.484209   3.483307     2.5569      98.88     0.4446      2.510    7.20951    35.1267    35.1167    27.6012    1476.51    1476.59 0.0000e+00
        596      4.000     6.3199     6.3120   3.477026   3.475237     2.5573      98.88     0.4697      2.555    7.22235    35.1247    35.1128    27.6098    1476.22    1476.50 0.0000e+00
        621      5.000     6.1228     6.1177   3.459273   3.457827     2.5567      98.88     0.5419      2.651    7.24012    35.1282    35.1172    27.6384    1475.47    1476.29 0.0000e+00
        648      6.000     6.0580     6.0575   3.453332   3.452242     2.5542      98.88     0.6209      2.636    7.23963    35.1278    35.1160    27.6465    1475.23    1476.11 0.0000e+00
        673      7.000     6.0094     6.0086   3.448832   3.447747     2.5529      98.88     0.7008      2.457    7.25286    35.1268    35.1154    27.6520    1475.05    1475.96 0.0000e+00
        698      8.000     5.9558     5.9550   3.443903   3.442872     2.5514      98.88     0.7145      2.293    7.24701    35.1262    35.1153    27.6583    1474.86    1475.82 0.0000e+00
        723      9.000     5.9189     5.9183   3.440649   3.439623     2.5482      98.88     0.6949      2.356    7.22116    35.1271    35.1161    27.6638    1474.73    1475.70 0.0000e+00
        748     10.000     5.8928     5.8923   3.438273   3.437288     2.5427      98.89     0.6711      2.128    7.18769    35.1267    35.1161    27.6669    1474.64    1475.59 0.0000e+00
        772     11.000     5.8283     5.8282   3.432140   3.431192     2.5362      98.88     0.6872      2.229    7.15360    35.1237    35.1130    27.6726    1474.39    1475.49 0.0000e+00
        796     12.000     5.7511     5.7508   3.424847   3.423857     2.5264      98.88     0.7582      2.337    7.10024    35.1206    35.1096    27.6799    1474.10    1475.37 0.0000e+00
        821     13.000     5.6947     5.6942   3.419666   3.418674     2.5148      98.88     0.8608      2.446    7.07625    35.1198    35.1090    27.6864    1473.89    1475.26 0.0000e+00
        846     14.000     5.6629     5.6630   3.416615   3.415709     2.5058      98.88     0.9765      2.544    7.10029    35.1176    35.1072    27.6886    1473.78    1475.15 0.0000e+00
        873     15.000     5.6297     5.6300   3.413582   3.412692     2.5024      98.88     1.0654      2.445    7.15690    35.1171    35.1066    27.6923    1473.66    1475.05 0.0000e+00
        899     16.000     5.6215     5.6211   3.412865   3.411941     2.5045      98.88     1.1004      2.710    7.21402    35.1170    35.1068    27.6932    1473.64    1474.96 0.0000e+00
        923     17.000     5.6167     5.6164   3.412473   3.411579     2.5094      98.88     1.0918      2.582    7.25071    35.1170    35.1071    27.6938    1473.64    1474.89 0.0000e+00
        946     18.000     5.6126     5.6121   3.412145   3.411256     2.5144      98.88     1.0696      2.622    7.26846    35.1170    35.1073    27.6943    1473.64    1474.82 0.0000e+00
        969     19.000     5.6096     5.6091   3.411928   3.411045     2.5192      98.88     1.0435      2.371    7.28204    35.1171    35.1075    27.6948    1473.65    1474.75 0.0000e+00
        993     20.000     5.6060     5.6055   3.411645   3.410773     2.5232      98.88     1.0175      2.334    7.28691    35.1171    35.1076    27.6953    1473.65    1474.70 0.0000e+00
       1019     21.000     5.5989     5.5985   3.411073   3.410213     2.5267      98.35     0.9825      2.436    7.28989    35.1174    35.1080    27.6964    1473.64    1474.65 0.0000e+00
       1044     22.000     5.5923     5.5921   3.410510   3.409661     2.5288      98.89     0.9402      2.395    7.28431    35.1174    35.1079    27.6972    1473.63    1474.60 0.0000e+00
       1067     23.000     5.5724     5.5724   3.408707   3.407871     2.5293      98.89     0.9089      2.260    7.26876    35.1170    35.1074    27.6994    1473.56    1474.56 0.0000e+00
       1090     24.000     5.5480     5.5478   3.406550   3.405702     2.5274      98.89     0.8773      2.299    7.24853    35.1173    35.1078    27.7026    1473.48    1474.51 0.0000e+00
       1113     25.000     5.5315     5.5307   3.405118   3.404224     2.5251      98.89     0.8451      2.285    7.23784    35.1176    35.1082    27.7049    1473.43    1474.47 0.0000e+00
       1137     26.000     5.5215     5.5222   3.404254   3.403512     2.5217      98.89     0.8184      2.287    7.21684    35.1177    35.1084    27.7062    1473.41    1474.43 0.0000e+00
       1163     27.000     5.5131     5.5131   3.403546   3.402720     2.5171      98.90     0.8103      2.328    7.20646    35.1178    35.1083    27.7073    1473.39    1474.39 0.0000e+00
       1187     28.000     5.4995     5.4991   3.402308   3.401447     2.5147      98.90     0.8223      2.299    7.21866    35.1173    35.1079    27.7086    1473.35    1474.35 0.0000e+00
       1211     29.000     5.4776     5.4773   3.400366   3.399519     2.5128      98.89     0.8360      2.282    7.21258    35.1174    35.1080    27.7114    1473.28    1474.32 0.0000e+00
       1235     30.000     5.4698     5.4695   3.399718   3.398883     2.5100      98.90     0.8389      2.299    7.20041    35.1176    35.1084    27.7125    1473.27    1474.28 0.0000e+00
       1259     31.000     5.4662     5.4658   3.399441   3.398606     2.5073      98.90     0.8236      2.327    7.19063    35.1177    35.1085    27.7130    1473.27    1474.25 0.0000e+00
       1283     32.000     5.4630     5.4627   3.399182   3.398347     2.5043      49.41     0.8144      2.274    7.18415    35.1175    35.1083    27.7132    1473.27    1474.22 0.0000e+00
       1307     33.000     5.4471     5.4468   3.397749   3.396920     2.5025      84.89     0.7964      2.147    7.19303    35.1172    35.1080    27.7149    1473.22    1474.19 0.0000e+00
       1332     34.000     5.4305     5.4296   3.396284   3.395380     2.5004      98.93     0.7540      2.104    7.17752    35.1173    35.1078    27.7170    1473.17    1474.16 0.0000e+00
       1357     35.000     5.4144     5.4140   3.394887   3.394050     2.4973      98.90     0.6737      2.001    7.17054    35.1175    35.1083    27.7192    1473.13    1474.13 0.0000e+00
       1381     36.000     5.4121     5.4120   3.394729   3.393928     2.4950      98.90     0.5961      1.981    7.16398    35.1176    35.1085    27.7195    1473.13    1474.10 0.0000e+00
       1404     37.000     5.4057     5.4054   3.394186   3.393352     2.4922      98.90     0.5506      1.893    7.14931    35.1176    35.1083    27.7202    1473.12    1474.07 0.0000e+00
       1428     38.000     5.4028     5.4023   3.393972   3.393138     2.4888      98.90     0.5069      1.867    7.12867    35.1176    35.1085    27.7206    1473.13    1474.05 0.0000e+00
       1453     39.000     5.4023     5.4019   3.393974   3.393148     2.4843      98.90     0.4680      1.778    7.11088    35.1176    35.1085    27.7207    1473.14    1474.03 0.0000e+00
       1479     40.000     5.4020     5.4016   3.393980   3.393167     2.4798      98.90     0.4433      1.796    7.09231    35.1175    35.1085    27.7206    1473.16    1474.00 0.0000e+00
       1503     41.000     5.3983     5.3980   3.393697   3.392886     2.4752      98.90     0.4324      1.840    7.07802    35.1176    35.1086    27.7212    1473.16    1473.98 0.0000e+00
       1527     42.000     5.3969     5.3964   3.393605   3.392777     2.4711      98.90     0.4243      2.064    7.07844    35.1174    35.1085    27.7212    1473.17    1473.96 0.0000e+00
       1550     43.000     5.3916     5.3911   3.393138   3.392309     2.4689      98.90     0.4150      1.826    7.08285    35.1171    35.1081    27.7216    1473.16    1473.95 0.0000e+00
       1574     44.000     5.3858     5.3857   3.392631   3.391832     2.4666      98.90     0.4087      1.910    7.07334    35.1168    35.1077    27.7221    1473.16    1473.93 0.0000e+00
       1600     45.000     5.3767     5.3764   3.391830   3.391009     2.4638      98.91     0.3906      1.720    7.06579    35.1166    35.1075    27.7230    1473.14    1473.91 0.0000e+00
       1626     46.000     5.3706     5.3703   3.391329   3.390516     2.4610      98.90     0.3679      1.758    7.05348    35.1167    35.1077    27.7239    1473.13    1473.89 0.0000e+00
       1651     47.000     5.3681     5.3677   3.391139   3.390328     2.4580      67.81     0.3574      1.680    7.06021    35.1166    35.1077    27.7241    1473.14    1473.88 0.0000e+00
       1674     48.000     5.3673     5.3669   3.391124   3.390299     2.4578      98.59     0.3476      1.707    7.06612    35.1168    35.1077    27.7243    1473.15    1473.86 0.0000e+00
       1697     49.000     5.3668     5.3664   3.391122   3.390310     2.4560      98.91     0.3462      1.615    7.05219    35.1167    35.1078    27.7243    1473.16    1473.85 0.0000e+00
       1719     50.000     5.3620     5.3617   3.390715   3.389897     2.4546      98.90     0.3399      1.613    7.05722    35.1166    35.1075    27.7248    1473.16    1473.83 0.0000e+00
       1743     51.000     5.3581     5.3579   3.390390   3.389574     2.4541      98.91     0.3369      1.576    7.06636    35.1164    35.1072    27.7251    1473.16    1473.82 0.0000e+00
       1767     52.000     5.3489     5.3483   3.389585   3.388734     2.4541      98.90     0.3350      1.602    7.06886    35.1162    35.1071    27.7261    1473.14    1473.81 0.0000e+00
       1792     53.000     5.3383     5.3381   3.388638   3.387829     2.4534      98.91     0.3397      1.705    7.05692    35.1159    35.1068    27.7271    1473.11    1473.79 0.0000e+00
       1817     54.000     5.3291     5.3288   3.387822   3.386996     2.4518      98.91     0.3512      1.629    7.05192    35.1156    35.1065    27.7280    1473.09    1473.78 0.0000e+00
       1840     55.000     5.3196     5.3191   3.386991   3.386154     2.4504      98.90     0.3749      1.700    7.04734    35.1155    35.1064    27.7291    1473.07    1473.77 0.0000e+00
       1863     56.000     5.3150     5.3147   3.386607   3.385774     2.4489      98.91     0.4133      1.717    7.05174    35.1154    35.1061    27.7295    1473.07    1473.76 0.0000e+00
       1887     57.000     5.3101     5.3097   3.386193   3.385362     2.4486      98.90     0.4415      1.754    7.06016    35.1152    35.1061    27.7300    1473.06    1473.74 0.0000e+00
       1910     58.000     5.3049     5.3045   3.385756   3.384933     2.4483      98.91     0.4500      1.826    7.05974    35.1151    35.1061    27.7305    1473.06    1473.73 0.0000e+00
       1935     59.000     5.3016     5.3012   3.385496   3.384675     2.4481      98.90     0.4433      1.813    7.06536    35.1151    35.1060    27.7309    1473.06    1473.72 0.0000e+00
       1960     60.000     5.2976     5.2973   3.385163   3.384335     2.4486      98.91     0.4390      1.644    7.07553    35.1149    35.1057    27.7312    1473.06    1473.71 0.0000e+00
       1984     61.000     5.2914     5.2911   3.384625   3.383800     2.4491      98.90     0.4311      1.655    7.06846    35.1147    35.1055    27.7318    1473.05    1473.70 0.0000e+00
       2009     62.000     5.2745     5.2744   3.383080   3.382268     2.4477      98.39     0.4209      1.605    7.05123    35.1141    35.1048    27.7334    1473.00    1473.69 0.0000e+00
       2034     63.000     5.2611     5.2607   3.381909   3.381070     2.4462      98.91     0.3975      1.522    7.04790    35.1141    35.1049    27.7350    1472.96    1473.68 0.0000e+00
       2057     64.000     5.2508     5.2505   3.380975   3.380151     2.4441      98.91     0.3781      1.494    7.04313    35.1136    35.1044    27.7359    1472.94    1473.66 0.0000e+00
       2081     65.000     5.2405     5.2401   3.380061   3.379237     2.4427      98.90     0.3664      1.460    7.03961    35.1134    35.1043    27.7369    1472.91    1473.65 0.0000e+00
       2105     66.000     5.2353     5.2350   3.379650   3.378821     2.4404      98.91     0.3566      1.408    7.02894    35.1136    35.1043    27.7377    1472.91    1473.64 0.0000e+00
       2129     67.000     5.2335     5.2332   3.379534   3.378704     2.4387      98.90     0.3486      1.463    7.03430    35.1136    35.1043    27.7379    1472.92    1473.63 0.0000e+00
       2153     68.000     5.2319     5.2316   3.379415   3.378592     2.4375      98.91     0.3450      1.402    7.02307    35.1133    35.1042    27.7379    1472.93    1473.62 0.0000e+00
       2178     69.000     5.2298     5.2294   3.379322   3.378484     2.4344      98.91     0.3382      1.414    7.00884    35.1140    35.1047    27.7386    1472.93    1473.61 0.0000e+00
       2205     70.000     5.2339     5.2335   3.379888   3.379058     2.4328      98.91     0.3253      1.306    7.01673    35.1156    35.1065    27.7395    1472.97    1473.60 0.0000e+00
       2230     71.000     5.2293     5.2290   3.379554   3.378735     2.4317      98.91     0.3001      1.287    7.01460    35.1161    35.1070    27.7404    1472.97    1473.59 0.0000e+00
       2252     72.000     5.2212     5.2210   3.378900   3.378078     2.4304      98.91     0.2817      1.259    7.00890    35.1165    35.1072    27.7417    1472.95    1473.58 0.0000e+00
       2274     73.000     5.2079     5.2079   3.377727   3.376932     2.4292      98.91     0.2661      1.242    7.00251    35.1164    35.1072    27.7432    1472.91    1473.57 0.0000e+00
       2297     74.000     5.1908     5.1905   3.376218   3.375396     2.4268      98.91     0.2544      1.251    6.98528    35.1164    35.1073    27.7453    1472.86    1473.56 0.0000e+00
       2323     75.000     5.1493     5.1498   3.372411   3.371632     2.4233      98.91     0.2395      1.128    6.97972    35.1155    35.1060    27.7495    1472.71    1473.55 0.0000e+00
       2349     76.000     5.0982     5.0981   3.367805   3.366967     2.4201      98.91     0.2236      1.044    6.97359    35.1155    35.1059    27.7555    1472.52    1473.54 0.0000e+00
       2373     77.000     5.0583     5.0577   3.364301   3.363422     2.4162      98.91     0.2079      0.974    6.95331    35.1164    35.1068    27.7609    1472.37    1473.52 0.0000e+00
       2395     78.000     5.0439     5.0434   3.363021   3.362160     2.4115      98.91     0.1909      0.943    6.93145    35.1162    35.1067    27.7625    1472.33    1473.51 0.0000e+00
       2418     79.000     5.0276     5.0273   3.361583   3.360741     2.4067      98.91     0.1809      0.983    6.91936    35.1161    35.1067    27.7643    1472.28    1473.49 0.0000e+00
       2443     80.000     4.9932     4.9956   3.358431   3.357814     2.4018      98.90     0.1685      0.847    6.91626    35.1153    35.1056    27.7677    1472.16    1473.48 0.0000e+00
       2470     81.000     4.9680     4.9675   3.356267   3.355400     2.3970      98.45     0.1560      0.983    6.90748    35.1162    35.1067    27.7714    1472.07    1473.46 0.0000e+00
       2495     82.000     4.9617     4.9614   3.355665   3.354832     2.3932      98.91     0.1465      1.018    6.89789    35.1153    35.1060    27.7714    1472.06    1473.44 0.0000e+00
       2517     83.000     4.9328     4.9323   3.353120   3.352275     2.3894      98.91     0.1379      0.799    6.88503    35.1157    35.1064    27.7751    1471.96    1473.42 0.0000e+00
       2539     84.000     4.9304     4.9300   3.352969   3.352145     2.3855      98.91     0.1272      0.735    6.87158    35.1160    35.1068    27.7755    1471.97    1473.41 0.0000e+00
       2561     85.000     4.9296     4.9294   3.352951   3.352140     2.3815      98.91     0.1224      0.777    6.85311    35.1161    35.1068    27.7757    1471.98    1473.39 0.0000e+00
       2586     86.000     4.9282     4.9284   3.352850   3.352077     2.3767      98.91     0.1187      0.754    6.84441    35.1158    35.1066    27.7757    1471.99    1473.37 0.0000e+00
