Physical_Data/CTD_Data/Example_Data/sta0480.cnv
* Sea-Bird SBE 9 Data File:
* FileName = C:\Seabird\CTDData\sta0480.hex
* Software Version Seasave V 7.21f
* Temperature SN = 4340
* Conductivity SN = 3012
* Number of Bytes Per Scan = 34
* Number of Voltage Words = 3
* Number of Scans Averaged by the Deck Unit = 1
* NMEA Latitude = 73 49.78 N
* NMEA Longitude = 007 32.50 E
* NMEA UTC (Time) = Jun 23 2016 09:16:57
* NMEA baud rate = 4800
** Ship: 10 F/F "G. O. Sars"
** Station: 0480
** Echodepth: 602
** Log: 7761
** Wind-Dir Force: 20 14
** Air-temp (dry): 6.4
** Weather Sky: 2 5
** Sea Ice: 3 0
** Par light: 451
# nquan = 17                                
# nvalues = 591                         
# units = specified
# name 0 = scan: Scan Count
# name 1 = prDM: Pressure, Digiquartz [db]
# name 2 = t068C: Temperature [ITS-68, deg C]
# name 3 = t168C: Temperature, 2 [ITS-68, deg C]
# name 4 = c0S/m: Conductivity [S/m]
# name 5 = c1S/m: Conductivity, 2 [S/m]
# name 6 = sbeox0V: Oxygen raw, SBE 43 [V]
# name 7 = altM: Altimeter [m]
# name 8 = flC: Fluorescence, Chelsea Aqua 3 Chl Con [ug/l]
# name 9 = seaTurbMtr: Turbidity, Seapoint [FTU]
# name 10 = sbeox0ML/L: Oxygen, SBE 43 [ml/l], WS = 2
# name 11 = sal00: Salinity, Practical [PSU]
# name 12 = sal11: Salinity, Practical, 2 [PSU]
# name 13 = sigma-t00: Density [sigma-t, Kg/m^3 ]
# name 14 = svCM: Sound Velocity [Chen-Millero, m/s]
# name 15 = avgsvCM: Average Sound Velocity [Chen-Millero, m/s], minP = 1, minS = 5
# name 16 = flag: flag
# span 0 =        367,      17405       
# span 1 =      3.000,    593.000       
# span 2 =    -0.0514,     6.4825       
# span 3 =    -0.0537,     6.4826       
# span 4 =   2.919718,   3.491614       
# span 5 =   2.922647,   3.490788       
# span 6 =     2.0093,     2.5690       
# span 7 =      15.01,      99.21       
# span 8 =     0.0115,     1.1509       
# span 9 =      0.171,      2.995       
# span 10 =    6.60700,    7.25808      
# span 11 =    34.9097,    35.1299      
# span 12 =    34.8914,    35.1198      
# span 13 =    27.5852,    28.0382      
# span 14 =    1457.64,    1476.84      
# span 15 =    1465.63,    1476.84      
# span 16 = 0.0000e+00, 0.0000e+00      
# interval = decibars: 1                
# start_time = Jun 23 2016 09:17:00 [System UTC, header]
# bad_flag = -9.990e-29
*END*
[from data line 256]
       6706    259.000     3.2631     3.2645   3.205232   3.204616     2.1956      98.92     0.0177      0.336    6.65941    35.0475    35.0385    27.8983    1467.82    1471.35 0.0000e+00
       6732    260.000     3.2628     3.2612   3.205310   3.204426     2.1961      98.93     0.0144      0.461    6.65728    35.0482    35.0392    27.8989    1467.84    1471.33 0.0000e+00
       6756    261.000     3.2507     3.2506   3.204183   3.203449     2.1957      98.92     0.0180      0.305    6.65240    35.0470    35.0382    27.8991    1467.80    1471.32 0.0000e+00
       6780    262.000     3.2371     3.2375   3.203013   3.202309     2.1953      98.92     0.0182      0.302    6.65027    35.0470    35.0380    27.9004    1467.76    1471.30 0.0000e+00
       6804    263.000     3.2202     3.2206   3.201375   3.200683     2.1944      98.92     0.0166      0.242    6.64780    35.0448    35.0360    27.9003    1467.70    1471.29 0.0000e+00
       6828    264.000     3.1928     3.1929   3.198944   3.198237     2.1933      98.92     0.0186      0.247    6.63861    35.0444    35.0357    27.9026    1467.60    1471.28 0.0000e+00
       6850    265.000     3.1869     3.1862   3.198435   3.197631     2.1914      98.92     0.0189      0.261    6.63478    35.0441    35.0350    27.9028    1467.59    1471.26 0.0000e+00
       6872    266.000     3.1783     3.1782   3.197701   3.196967     2.1906      98.92     0.0154      0.244    6.64593    35.0439    35.0351    27.9035    1467.57    1471.25 0.0000e+00
       6894    267.000     3.1734     3.1732   3.197277   3.196527     2.1900      98.92     0.0154      0.243    6.63980    35.0435    35.0346    27.9037    1467.57    1471.24 0.0000e+00
       6919    268.000     3.1648     3.1643   3.196516   3.195723     2.1887      98.92     0.0159      0.252    6.63815    35.0430    35.0339    27.9041    1467.55    1471.22 0.0000e+00
       6949    269.000     3.1589     3.1585   3.196009   3.195244     2.1880      98.92     0.0159      0.244    6.64261    35.0427    35.0338    27.9044    1467.54    1471.21 0.0000e+00
       6977    270.000     3.1516     3.1515   3.195378   3.194636     2.1869      98.92     0.0161      0.237    6.63925    35.0423    35.0334    27.9048    1467.52    1471.19 0.0000e+00
       7000    271.000     3.1446     3.1442   3.194787   3.194023     2.1864      98.93     0.0129      0.247    6.63773    35.0422    35.0333    27.9053    1467.51    1471.18 0.0000e+00
       7020    272.000     3.1382     3.1389   3.194208   3.193554     2.1855      98.92     0.0124      0.246    6.63414    35.0415    35.0328    27.9054    1467.50    1471.17 0.0000e+00
       7040    273.000     3.1036     3.1028   3.190776   3.189928     2.1848      98.93     0.0153      0.325    6.64070    35.0367    35.0272    27.9048    1467.36    1471.15 0.0000e+00
       7063    274.000     3.0497     3.0489   3.186080   3.185286     2.1842      98.92     0.0169      0.276    6.65174    35.0373    35.0285    27.9104    1467.15    1471.14 0.0000e+00
       7090    275.000     3.0454     3.0452   3.185789   3.185044     2.1835      98.92     0.0167      0.288    6.65498    35.0379    35.0290    27.9112    1467.15    1471.12 0.0000e+00
       7117    276.000     3.0417     3.0417   3.185512   3.184762     2.1836      98.92     0.0191      0.274    6.67359    35.0379    35.0288    27.9116    1467.15    1471.11 0.0000e+00
       7142    277.000     3.0359     3.0359   3.185046   3.184309     2.1852      98.92     0.0192      0.271    6.70627    35.0380    35.0290    27.9122    1467.14    1471.10 0.0000e+00
       7165    278.000     3.0305     3.0300   3.184618   3.183846     2.1880      98.92     0.0215      0.413    6.72303    35.0381    35.0292    27.9128    1467.13    1471.08 0.0000e+00
       7189    279.000     3.0267     3.0265   3.184335   3.183597     2.1906      98.92     0.0206      0.345    6.73628    35.0382    35.0294    27.9132    1467.13    1471.07 0.0000e+00
       7213    280.000     3.0259     3.0256   3.184368   3.183609     2.1935      98.92     0.0180      0.270    6.74745    35.0389    35.0300    27.9139    1467.15    1471.05 0.0000e+00
       7235    281.000     3.0224     3.0224   3.184065   3.183347     2.1956      98.92     0.0203      0.269    6.74858    35.0384    35.0297    27.9138    1467.15    1471.04 0.0000e+00
       7257    282.000     3.0090     3.0087   3.182897   3.182141     2.1974      98.92     0.0193      0.277    6.75392    35.0382    35.0293    27.9149    1467.11    1471.02 0.0000e+00
       7281    283.000     3.0050     3.0049   3.182586   3.181840     2.1988      98.93     0.0213      0.369    6.75604    35.0381    35.0292    27.9152    1467.11    1471.01 0.0000e+00
       7307    284.000     2.9971     2.9972   3.181894   3.181179     2.2004      98.92     0.0244      0.288    6.76317    35.0377    35.0289    27.9156    1467.09    1471.00 0.0000e+00
       7336    285.000     2.9854     2.9852   3.180894   3.180150     2.2017      98.92     0.0231      0.277    6.76132    35.0376    35.0288    27.9166    1467.05    1470.98 0.0000e+00
       7362    286.000     2.9791     2.9790   3.180469   3.179735     2.2019      98.92     0.0210      0.271    6.76176    35.0387    35.0299    27.9181    1467.05    1470.97 0.0000e+00
       7386    287.000     2.9664     2.9658   3.179318   3.178535     2.2027      98.93     0.0191      0.268    6.76964    35.0379    35.0290    27.9186    1467.01    1470.96 0.0000e+00
       7408    288.000     2.9480     2.9472   3.177744   3.176942     2.2029      98.92     0.0169      0.257    6.76800    35.0381    35.0292    27.9205    1466.94    1470.94 0.0000e+00
       7430    289.000     2.9327     2.9324   3.176280   3.175512     2.2028      98.92     0.0210      0.286    6.76550    35.0363    35.0272    27.9204    1466.89    1470.93 0.0000e+00
       7452    290.000     2.9129     2.9123   3.174475   3.173688     2.2024      98.92     0.0231      0.285    6.76221    35.0351    35.0261    27.9213    1466.82    1470.91 0.0000e+00
       7476    291.000     2.8811     2.8806   3.171559   3.170781     2.2015      98.92     0.0224      0.278    6.75912    35.0334    35.0244    27.9229    1466.70    1470.90 0.0000e+00
       7500    292.000     2.8624     2.8623   3.169913   3.169170     2.2001      98.92     0.0189      0.266    6.75450    35.0330    35.0240    27.9243    1466.64    1470.88 0.0000e+00
       7525    293.000     2.8557     2.8554   3.169342   3.168591     2.1990      98.92     0.0195      0.266    6.76120    35.0328    35.0239    27.9247    1466.62    1470.87 0.0000e+00
       7550    294.000     2.8453     2.8451   3.168432   3.167685     2.1985      98.92     0.0174      0.255    6.77255    35.0324    35.0234    27.9253    1466.60    1470.86 0.0000e+00
       7576    295.000     2.8286     2.8283   3.166938   3.166180     2.1990      98.92     0.0182      0.276    6.78548    35.0317    35.0227    27.9262    1466.54    1470.84 0.0000e+00
       7601    296.000     2.8159     2.8160   3.165837   3.165129     2.1992      98.93     0.0166      0.322    6.78419    35.0314    35.0226    27.9272    1466.50    1470.83 0.0000e+00
       7624    297.000     2.7968     2.7965   3.164026   3.163281     2.1990      98.92     0.0187      0.289    6.77779    35.0294    35.0206    27.9273    1466.43    1470.81 0.0000e+00
       7647    298.000     2.7797     2.7790   3.162560   3.161767     2.1981      98.92     0.0271      0.303    6.77406    35.0295    35.0205    27.9289    1466.38    1470.80 0.0000e+00
       7671    299.000     2.7706     2.7707   3.161761   3.161051     2.1974      98.92     0.0265      0.271    6.77669    35.0290    35.0202    27.9294    1466.35    1470.78 0.0000e+00
       7696    300.000     2.7554     2.7554   3.160337   3.159619     2.1966      98.92     0.0247      0.273    6.77415    35.0275    35.0187    27.9295    1466.30    1470.77 0.0000e+00
       7720    301.000     2.7441     2.7439   3.159367   3.158628     2.1957      98.92     0.0218      0.275    6.77438    35.0273    35.0185    27.9304    1466.27    1470.75 0.0000e+00
       7744    302.000     2.7366     2.7366   3.158712   3.157992     2.1948      98.92     0.0451      0.330    6.77289    35.0269    35.0181    27.9307    1466.25    1470.74 0.0000e+00
       7767    303.000     2.7306     2.7307   3.158192   3.157476     2.1942      98.92     0.0413      0.286    6.78099    35.0265    35.0176    27.9309    1466.24    1470.72 0.0000e+00
       7790    304.000     2.7248     2.7246   3.157703   3.156967     2.1941      98.92     0.0338      0.278    6.77940    35.0262    35.0174    27.9313    1466.23    1470.71 0.0000e+00
       7814    305.000     2.7180     2.7172   3.157112   3.156322     2.1933      98.92     0.0302      0.292    6.77325    35.0258    35.0170    27.9315    1466.22    1470.69 0.0000e+00
       7840    306.000     2.7093     2.7091   3.156321   3.155596     2.1923      98.93     0.0294      0.295    6.77220    35.0250    35.0163    27.9317    1466.20    1470.68 0.0000e+00
       7864    307.000     2.6862     2.6867   3.154139   3.153456     2.1918      98.92     0.0302      0.311    6.78321    35.0228    35.0138    27.9319    1466.11    1470.66 0.0000e+00
       7889    308.000     2.6500     2.6502   3.150800   3.150090     2.1915      98.92     0.0360      0.309    6.79313    35.0206    35.0116    27.9334    1465.97    1470.65 0.0000e+00
       7913    309.000     2.6184     2.6180   3.147960   3.147212     2.1916      98.92     0.0377      0.373    6.80313    35.0195    35.0107    27.9353    1465.85    1470.63 0.0000e+00
       7936    310.000     2.6073     2.6076   3.147007   3.146299     2.1918      98.92     0.0472      0.315    6.80742    35.0193    35.0102    27.9361    1465.82    1470.62 0.0000e+00
       7958    311.000     2.6016     2.6019   3.146545   3.145852     2.1919      98.92     0.0642      0.322    6.81462    35.0192    35.0104    27.9366    1465.81    1470.60 0.0000e+00
       7979    312.000     2.5988     2.5990   3.146330   3.145633     2.1926      98.93     0.0670      0.317    6.82471    35.0191    35.0103    27.9367    1465.81    1470.58 0.0000e+00
       8001    313.000     2.5931     2.5939   3.145837   3.145190     2.1931      98.93     0.0640      0.327    6.81920    35.0187    35.0098    27.9369    1465.81    1470.57 0.0000e+00
       8027    314.000     2.5858     2.5854   3.145212   3.144458     2.1932      98.92     0.0580      0.350    6.82881    35.0184    35.0095    27.9373    1465.79    1470.55 0.0000e+00
       8054    315.000     2.5798     2.5798   3.144729   3.144007     2.1946      98.92     0.0475      0.317    6.84415    35.0184    35.0095    27.9378    1465.78    1470.54 0.0000e+00
       8080    316.000     2.5754     2.5754   3.144355   3.143642     2.1956      98.92     0.0460      0.302    6.83879    35.0180    35.0092    27.9379    1465.78    1470.52 0.0000e+00
       8103    317.000     2.5670     2.5675   3.143657   3.142997     2.1957      98.92     0.0529      0.313    6.83884    35.0180    35.0093    27.9386    1465.76    1470.51 0.0000e+00
       8124    318.000     2.5621     2.5617   3.143215   3.142466     2.1959      98.92     0.0560      0.315    6.84452    35.0173    35.0085    27.9385    1465.75    1470.49 0.0000e+00
       8145    319.000     2.5433     2.5428   3.141560   3.140802     2.1965      98.92     0.0771      0.309    6.84537    35.0169    35.0080    27.9398    1465.69    1470.48 0.0000e+00
       8168    320.000     2.5358     2.5359   3.140921   3.140228     2.1959      98.92     0.0657      0.289    6.83312    35.0166    35.0079    27.9402    1465.67    1470.46 0.0000e+00
       8194    321.000     2.5191     2.5209   3.139397   3.138854     2.1951      98.91     0.0599      0.302    6.83080    35.0154    35.0068    27.9408    1465.61    1470.45 0.0000e+00
       8219    322.000     2.5100     2.5105   3.138663   3.137991     2.1941      98.92     0.0420      0.292    6.82641    35.0158    35.0069    27.9418    1465.59    1470.43 0.0000e+00
       8243    323.000     2.5088     2.5091   3.138605   3.137928     2.1927      98.92     0.0466      0.304    6.81841    35.0158    35.0071    27.9419    1465.60    1470.42 0.0000e+00
       8266    324.000     2.5077     2.5078   3.138548   3.137854     2.1915      98.92     0.0469      0.299    6.81632    35.0157    35.0070    27.9420    1465.61    1470.40 0.0000e+00
       8290    325.000     2.5042     2.5043   3.138269   3.137555     2.1905      98.92     0.0466      0.339    6.81699    35.0155    35.0066    27.9421    1465.61    1470.39 0.0000e+00
       8315    326.000     2.5002     2.4990   3.137943   3.137135     2.1893      98.92     0.0385      0.301    6.81271    35.0153    35.0066    27.9423    1465.61    1470.37 0.0000e+00
       8339    327.000     2.4974     2.4972   3.137736   3.137012     2.1884      98.93     0.0384      0.307    6.81855    35.0152    35.0065    27.9425    1465.62    1470.36 0.0000e+00
       8363    328.000     2.4900     2.4896   3.137092   3.136352     2.1881      98.92     0.0379      0.306    6.81655    35.0148    35.0061    27.9428    1465.60    1470.35 0.0000e+00
       8386    329.000     2.4835     2.4835   3.136527   3.135824     2.1869      98.65     0.0515      0.280    6.80684    35.0144    35.0057    27.9430    1465.59    1470.33 0.0000e+00
       8409    330.000     2.4743     2.4740   3.135749   3.135025     2.1859      98.74     0.0694      0.284    6.81340    35.0142    35.0056    27.9437    1465.57    1470.32 0.0000e+00
       8432    331.000     2.4646     2.4646   3.134884   3.134178     2.1855      98.92     0.0621      0.303    6.81485    35.0136    35.0048    27.9440    1465.54    1470.30 0.0000e+00
       8457    332.000     2.4552     2.4545   3.134029   3.133247     2.1847      98.92     0.0633      0.281    6.81673    35.0127    35.0038    27.9441    1465.51    1470.29 0.0000e+00
       8483    333.000     2.4412     2.4412   3.132801   3.132080     2.1843      98.92     0.0650      0.586    6.82054    35.0122    35.0033    27.9449    1465.47    1470.27 0.0000e+00
       8509    334.000     2.4281     2.4282   3.131632   3.130933     2.1836      98.92     0.0711      0.313    6.81387    35.0115    35.0028    27.9455    1465.43    1470.26 0.0000e+00
       8532    335.000     2.4221     2.4219   3.131160   3.130421     2.1826      98.92     0.0526      0.356    6.80707    35.0117    35.0027    27.9461    1465.42    1470.24 0.0000e+00
       8554    336.000     2.3957     2.3873   3.128597   3.127103     2.1816      98.92     0.0680      0.293    6.81156    35.0082    34.9989    27.9456    1465.32    1470.23 0.0000e+00
       8576    337.000     2.3544     2.3540   3.125031   3.124288     2.1808      98.92     0.0728      0.264    6.81734    35.0087    34.9999    27.9495    1465.15    1470.21 0.0000e+00
       8600    338.000     2.3465     2.3464   3.124340   3.123612     2.1799      98.91     0.0666      0.289    6.82175    35.0082    34.9992    27.9497    1465.13    1470.20 0.0000e+00
       8624    339.000     2.3357     2.3355   3.123387   3.122665     2.1796      98.92     0.0526      0.355    6.83063    35.0076    34.9988    27.9502    1465.10    1470.18 0.0000e+00
       8649    340.000     2.3154     2.3145   3.121606   3.120810     2.1793      98.92     0.0385      0.264    6.82520    35.0072    34.9982    27.9516    1465.03    1470.17 0.0000e+00
       8673    341.000     2.3055     2.3044   3.120660   3.119789     2.1782      98.92     0.0311      0.273    6.81714    35.0057    34.9961    27.9512    1465.00    1470.15 0.0000e+00
       8697    342.000     2.2333     2.2249   3.113841   3.112372     2.1771      98.92     0.0290      0.259    6.82885    34.9994    34.9904    27.9523    1464.70    1470.14 0.0000e+00
