Physical_Data/CTD_Data/Example_Data/sta0476.cnv
* Sea-Bird SBE 9 Data File:
* FileName = C:\Seabird\CTDData\sta0476.hex
* Software Version Seasave V 7.21f
* Temperature SN = 4340
* Conductivity SN = 3012
* Number of Bytes Per Scan = 34
* Number of Voltage Words = 3
* Number of Scans Averaged by the Deck Unit = 1
* NMEA Latitude = 73 49.23 N
* NMEA Longitude = 007 30.18 E
* NMEA UTC (Time) = Jun 22 2016 07:38:07
* NMEA baud rate = 4800
** Ship: 10 F/F "G. O. Sars"
** Station: 0476
** Echodepth: 780
** Log: 7736.101
** Wind-Dir Force: 18 04
** Air-temp (dry): 7.7
** Weather Sky: 2 5
** Sea Ice: 2 0
** Par light: 451
# nquan = 17                                
# nvalues = 785                         
# units = specified
# name 0 = scan: Scan Count
# name 1 = prDM: Pressure, Digiquartz [db]
# name 2 = t068C: Temperature [ITS-68, deg C]
# name 3 = t168C: Temperature, 2 [ITS-68, deg C]
# name 4 = c0S/m: Conductivity [S/m]
# name 5 = c1S/m: Conductivity, 2 [S/m]
# name 6 = sbeox0V: Oxygen raw, SBE 43 [V]
# name 7 = altM: Altimeter [m]
# name 8 = flC: Fluorescence, Chelsea Aqua 3 Chl Con [ug/l]
# name 9 = seaTurbMtr: Turbidity, Seapoint [FTU]
# name 10 = sbeox0ML/L: Oxygen, SBE 43 [ml/l], WS = 2
# name 11 = sal00: Salinity, Practical [PSU]
# name 12 = sal11: Salinity, Practical, 2 [PSU]
# name 13 = sigma-t00: Density [sigma-t, Kg/m^3 ]
# name 14 = svCM: Sound Velocity [Chen-Millero, m/s]
# name 15 = avgsvCM: Average Sound Velocity [Chen-Millero, m/s], minP = 1, minS = 5
# name 16 = flag: flag
# span 0 =        440,      21109       
# span 1 =      3.000,    787.000       
# span 2 =    -0.3679,     6.0373       
# span 3 =    -0.3638,     6.0440       
# span 4 =   2.901237,   3.450268       
# span 5 =   2.904915,   3.449986       
# span 6 =     1.9464,     2.5586       
# span 7 =       7.21,      99.36       
# span 8 =     0.0084,     0.8536       
# span 9 =      0.166,      2.464       
# span 10 =    6.60829,    7.36758      
# span 11 =    34.9107,    35.1201      
# span 12 =    34.8979,    35.1106      
# span 13 =    27.6400,    28.0542      
# span 14 =    1457.52,    1475.08      
# span 15 =    1463.13,    1475.08      
# span 16 = 0.0000e+00, 0.0000e+00      
# interval = decibars: 1                
# start_time = Jun 22 2016 07:38:09 [System UTC, header]
# bad_flag = -9.990e-29
*END*
[from data line 86]
       2556     89.000     4.8666     4.8663   3.347304   3.346434     2.3772      98.91     0.0966      0.581    6.88648    35.1147    35.1049    27.7820    1471.79    1473.01 0.0000e+00
       2580     90.000     4.8644     4.8643   3.347136   3.346281     2.3749      98.91     0.0927      0.631    6.86814    35.1146    35.1047    27.7821    1471.80    1472.99 0.0000e+00
       2605     91.000     4.8575     4.8571   3.346631   3.345761     2.3719      98.90     0.0935      0.642    6.86141    35.1154    35.1057    27.7836    1471.79    1472.98 0.0000e+00
       2629     92.000     4.8568     4.8564   3.346621   3.345751     2.3700      98.91     0.0889      0.575    6.86750    35.1155    35.1058    27.7837    1471.80    1472.97 0.0000e+00
       2654     93.000     4.8449     4.8444   3.345540   3.344659     2.3684      98.91     0.0875      0.698    6.86487    35.1150    35.1052    27.7847    1471.77    1472.95 0.0000e+00
       2678     94.000     4.8390     4.8386   3.345085   3.344218     2.3669      98.90     0.0825      0.560    6.85865    35.1154    35.1057    27.7856    1471.76    1472.94 0.0000e+00
       2702     95.000     4.8383     4.8378   3.345059   3.344192     2.3648      98.91     0.0817      0.738    6.84272    35.1153    35.1057    27.7856    1471.77    1472.93 0.0000e+00
       2727     96.000     4.8267     4.8267   3.344054   3.343209     2.3616      73.50     0.0775      0.620    6.82640    35.1153    35.1054    27.7870    1471.74    1472.92 0.0000e+00
       2751     97.000     4.8216     4.8202   3.343652   3.342687     2.3593      62.50     0.0738      0.623    6.84473    35.1154    35.1057    27.7877    1471.74    1472.90 0.0000e+00
       2775     98.000     4.8185     4.8181   3.343417   3.342551     2.3590      99.30     0.0710      0.546    6.85569    35.1154    35.1058    27.7881    1471.74    1472.89 0.0000e+00
       2799     99.000     4.8169     4.8164   3.343305   3.342442     2.3589      98.91     0.0709      0.559    6.85378    35.1153    35.1058    27.7881    1471.75    1472.88 0.0000e+00
       2823    100.000     4.8144     4.8137   3.343116   3.342227     2.3580      98.91     0.0679      0.550    6.84936    35.1152    35.1056    27.7883    1471.76    1472.87 0.0000e+00
       2848    101.000     4.8123     4.8120   3.342987   3.342136     2.3578      98.91     0.0670      0.549    6.85090    35.1154    35.1058    27.7887    1471.77    1472.86 0.0000e+00
       2873    102.000     4.8056     4.8058   3.342391   3.341583     2.3569      98.91     0.0657      0.613    6.84516    35.1150    35.1053    27.7892    1471.75    1472.85 0.0000e+00
       2896    103.000     4.7948     4.7945   3.341490   3.340624     2.3560      98.91     0.0663      0.535    6.84384    35.1153    35.1056    27.7907    1471.73    1472.84 0.0000e+00
       2919    104.000     4.7915     4.7911   3.341271   3.340402     2.3549      98.91     0.0631      0.547    6.83804    35.1157    35.1060    27.7914    1471.73    1472.83 0.0000e+00
       2942    105.000     4.7901     4.7898   3.341193   3.340337     2.3540      98.91     0.0620      0.521    6.83504    35.1158    35.1061    27.7916    1471.74    1472.82 0.0000e+00
       2967    106.000     4.7879     4.7877   3.341038   3.340190     2.3522      98.91     0.0608      0.511    6.81996    35.1158    35.1061    27.7918    1471.75    1472.81 0.0000e+00
       2992    107.000     4.7862     4.7859   3.340959   3.340120     2.3499      98.91     0.0600      0.567    6.81493    35.1161    35.1066    27.7923    1471.76    1472.80 0.0000e+00
       3017    108.000     4.7823     4.7820   3.340724   3.339867     2.3483      98.91     0.0655      0.520    6.81557    35.1169    35.1073    27.7934    1471.76    1472.79 0.0000e+00
       3041    109.000     4.7792     4.7787   3.340523   3.339655     2.3471      98.91     0.0635      0.507    6.81536    35.1173    35.1077    27.7941    1471.76    1472.78 0.0000e+00
       3064    110.000     4.7750     4.7751   3.340184   3.339363     2.3455      58.89     0.0622      0.502    6.79848    35.1173    35.1076    27.7945    1471.76    1472.77 0.0000e+00
       3088    111.000     4.7702     4.7698   3.339856   3.338990     2.3432      82.95     0.0646      0.495    6.78871    35.1180    35.1083    27.7956    1471.76    1472.76 0.0000e+00
       3112    112.000     4.7639     4.7637   3.339338   3.338501     2.3404      98.88     0.0662      0.487    6.77366    35.1181    35.1085    27.7964    1471.75    1472.75 0.0000e+00
       3136    113.000     4.7478     4.7478   3.337930   3.337085     2.3372      98.91     0.0655      0.470    6.76002    35.1181    35.1083    27.7983    1471.70    1472.74 0.0000e+00
       3160    114.000     4.7193     4.7191   3.335323   3.334475     2.3338      98.91     0.0627      0.477    6.75386    35.1173    35.1076    27.8009    1471.60    1472.73 0.0000e+00
       3184    115.000     4.7051     4.7051   3.334055   3.333200     2.3303      98.91     0.0615      0.604    6.73884    35.1170    35.1070    27.8023    1471.56    1472.72 0.0000e+00
       3208    116.000     4.6845     4.6843   3.332224   3.331360     2.3263      98.91     0.0622      0.656    6.72673    35.1169    35.1070    27.8045    1471.49    1472.71 0.0000e+00
       3233    117.000     4.6778     4.6775   3.331682   3.330821     2.3226      98.91     0.0565      0.468    6.72474    35.1171    35.1073    27.8054    1471.48    1472.70 0.0000e+00
       3257    118.000     4.6751     4.6744   3.331444   3.330532     2.3199      98.91     0.0548      0.462    6.72472    35.1166    35.1067    27.8054    1471.49    1472.69 0.0000e+00
       3282    119.000     4.6608     4.6601   3.330114   3.329238     2.3175      98.91     0.0527      0.452    6.72216    35.1157    35.1062    27.8062    1471.44    1472.68 0.0000e+00
       3305    120.000     4.6538     4.6535   3.329524   3.328654     2.3156      98.91     0.0514      0.473    6.72749    35.1156    35.1058    27.8070    1471.43    1472.67 0.0000e+00
       3328    121.000     4.6461     4.6463   3.328802   3.327994     2.3148      98.91     0.0496      0.462    6.73340    35.1148    35.1051    27.8072    1471.41    1472.66 0.0000e+00
       3351    122.000     4.6361     4.6360   3.327930   3.327074     2.3139      98.91     0.0498      0.541    6.73547    35.1147    35.1047    27.8082    1471.39    1472.65 0.0000e+00
       3375    123.000     4.6289     4.6289   3.327325   3.326497     2.3135      98.92     0.0478      0.462    6.73324    35.1147    35.1050    27.8090    1471.38    1472.64 0.0000e+00
       3399    124.000     4.6126     4.6125   3.325874   3.325035     2.3122      58.13     0.0499      0.439    6.73350    35.1144    35.1047    27.8107    1471.33    1472.63 0.0000e+00
       3424    125.000     4.6013     4.6011   3.324891   3.324055     2.3126      98.38     0.0504      0.509    6.74375    35.1143    35.1047    27.8119    1471.30    1472.62 0.0000e+00
       3449    126.000     4.5990     4.5986   3.324713   3.323859     2.3110      98.93     0.0483      0.438    6.72381    35.1142    35.1046    27.8120    1471.30    1472.61 0.0000e+00
       3474    127.000     4.5975     4.5972   3.324662   3.323808     2.3097      98.91     0.0434      0.713    6.71920    35.1146    35.1049    27.8125    1471.31    1472.60 0.0000e+00
       3499    128.000     4.5951     4.5949   3.324488   3.323634     2.3078      98.91     0.0409      0.421    6.71299    35.1146    35.1048    27.8128    1471.32    1472.59 0.0000e+00
       3523    129.000     4.5889     4.5890   3.323980   3.323158     2.3066      98.91     0.0432      0.435    6.71601    35.1147    35.1049    27.8135    1471.31    1472.58 0.0000e+00
       3546    130.000     4.5869     4.5863   3.323862   3.322974     2.3056      98.92     0.0441      0.425    6.71405    35.1149    35.1051    27.8139    1471.32    1472.57 0.0000e+00
       3569    131.000     4.5830     4.5824   3.323469   3.322608     2.3045      98.91     0.0436      0.423    6.71365    35.1138    35.1044    27.8135    1471.32    1472.56 0.0000e+00
       3592    132.000     4.5754     4.5748   3.322948   3.322079     2.3040      98.92     0.0393      0.420    6.71870    35.1153    35.1057    27.8155    1471.30    1472.55 0.0000e+00
       3617    133.000     4.5788     4.5788   3.323419   3.322597     2.3032      98.92     0.0352      0.411    6.71174    35.1166    35.1070    27.8162    1471.34    1472.54 0.0000e+00
       3642    134.000     4.5812     4.5808   3.323759   3.322900     2.3021      98.91     0.0358      0.399    6.70074    35.1175    35.1079    27.8167    1471.36    1472.53 0.0000e+00
       3666    135.000     4.5778     4.5773   3.323579   3.322719     2.3003      98.91     0.0356      0.386    6.68659    35.1185    35.1089    27.8178    1471.37    1472.52 0.0000e+00
       3691    136.000     4.5788     4.5785   3.323788   3.322931     2.2977      98.92     0.0335      0.389    6.66697    35.1194    35.1096    27.8184    1471.39    1472.51 0.0000e+00
       3714    137.000     4.5725     4.5722   3.323331   3.322488     2.2946      98.92     0.0299      0.363    6.65221    35.1201    35.1106    27.8197    1471.38    1472.50 0.0000e+00
       3738    138.000     4.5592     4.5591   3.322119   3.321283     2.2910      98.91     0.0283      0.354    6.64011    35.1195    35.1098    27.8207    1471.34    1472.50 0.0000e+00
       3762    139.000     4.5376     4.5372   3.320129   3.319257     2.2878      98.91     0.0307      0.439    6.63599    35.1185    35.1087    27.8223    1471.27    1472.49 0.0000e+00
       3785    140.000     4.5273     4.5269   3.319185   3.318314     2.2847      98.91     0.0289      0.391    6.62251    35.1178    35.1080    27.8229    1471.24    1472.48 0.0000e+00
       3809    141.000     4.5130     4.5121   3.317820   3.316893     2.2808      98.92     0.0289      0.362    6.60829    35.1165    35.1065    27.8234    1471.20    1472.47 0.0000e+00
       3833    142.000     4.4966     4.4963   3.316349   3.315493     2.2776      98.91     0.0306      0.397    6.61709    35.1161    35.1063    27.8249    1471.15    1472.46 0.0000e+00
       3857    143.000     4.4861     4.4858   3.315375   3.314514     2.2756      98.92     0.0275      0.369    6.61967    35.1152    35.1054    27.8255    1471.12    1472.45 0.0000e+00
       3882    144.000     4.4782     4.4779   3.314656   3.313807     2.2734      98.92     0.0252      0.363    6.61027    35.1146    35.1050    27.8259    1471.10    1472.44 0.0000e+00
       3907    145.000     4.4653     4.4657   3.313415   3.312409     2.2714      98.91     0.0234      0.374    6.60980    35.1132    35.1009    27.8261    1471.06    1472.43 0.0000e+00
       3931    146.000     4.4445     4.4443   3.311475   3.310631     2.2699      98.92     0.0259      0.525    6.62246    35.1119    35.1022    27.8275    1470.99    1472.42 0.0000e+00
       3955    147.000     4.4330     4.4328   3.310427   3.309572     2.2697      98.91     0.0260      0.400    6.63224    35.1113    35.1014    27.8282    1470.96    1472.41 0.0000e+00
       3979    148.000     4.4189     4.4182   3.309105   3.308217     2.2696      98.92     0.0244      0.366    6.63304    35.1102    35.1005    27.8289    1470.92    1472.40 0.0000e+00
       4003    149.000     4.3956     4.3956   3.306973   3.306148     2.2690      98.92     0.0291      0.377    6.63575    35.1093    35.0996    27.8308    1470.84    1472.39 0.0000e+00
       4027    150.000     4.3838     4.3835   3.305949   3.305094     2.2688      98.92     0.0283      0.924    6.63749    35.1093    35.0995    27.8320    1470.80    1472.38 0.0000e+00
       4050    151.000     4.3820     4.3816   3.305851   3.304997     2.2684      98.92     0.0261      0.364    6.64085    35.1095    35.0998    27.8324    1470.81    1472.37 0.0000e+00
       4074    152.000     4.3817     4.3813   3.305864   3.305009     2.2686      98.91     0.0251      0.367    6.64564    35.1094    35.0997    27.8324    1470.83    1472.36 0.0000e+00
       4099    153.000     4.3786     4.3783   3.305621   3.304775     2.2687      98.91     0.0258      0.361    6.64372    35.1093    35.0996    27.8326    1470.83    1472.35 0.0000e+00
       4123    154.000     4.3665     4.3660   3.304532   3.303667     2.2684      98.92     0.0237      0.365    6.64741    35.1088    35.0991    27.8335    1470.80    1472.34 0.0000e+00
       4148    155.000     4.3599     4.3598   3.304005   3.303178     2.2687      98.91     0.0229      0.404    6.65301    35.1091    35.0994    27.8345    1470.79    1472.33 0.0000e+00
       4171    156.000     4.3473     4.3469   3.302831   3.301985     2.2689      98.93     0.0265      0.382    6.65332    35.1081    35.0985    27.8351    1470.75    1472.32 0.0000e+00
       4194    157.000     4.3263     4.3259   3.300968   3.300101     2.2684      98.92     0.0264      0.490    6.64533    35.1079    35.0981    27.8372    1470.68    1472.31 0.0000e+00
       4217    158.000     4.3117     4.3116   3.299700   3.298857     2.2673      98.92     0.0227      0.379    6.63783    35.1080    35.0981    27.8389    1470.64    1472.30 0.0000e+00
       4242    159.000     4.2971     4.2967   3.298391   3.297537     2.2656      98.92     0.0243      0.388    6.63594    35.1075    35.0978    27.8401    1470.59    1472.29 0.0000e+00
       4267    160.000     4.2908     4.2912   3.297843   3.297061     2.2648      98.92     0.0279      0.382    6.64528    35.1072    35.0975    27.8405    1470.58    1472.28 0.0000e+00
       4291    161.000     4.2853     4.2852   3.297390   3.296558     2.2646      98.91     0.0291      0.528    6.66031    35.1072    35.0974    27.8411    1470.57    1472.27 0.0000e+00
       4315    162.000     4.2857     4.2848   3.297479   3.296588     2.2657      98.92     0.0253      0.466    6.67526    35.1073    35.0977    27.8411    1470.59    1472.26 0.0000e+00
       4339    163.000     4.2885     4.2882   3.297783   3.296948     2.2671      98.92     0.0244      0.593    6.67454    35.1073    35.0978    27.8409    1470.62    1472.25 0.0000e+00
       4363    164.000     4.2820     4.2806   3.297165   3.296237     2.2673      98.91     0.0229      0.383    6.66582    35.1064    35.0969    27.8409    1470.61    1472.24 0.0000e+00
       4387    165.000     4.2719     4.2716   3.296312   3.295482     2.2671      98.92     0.0266      0.402    6.66385    35.1065    35.0971    27.8421    1470.58    1472.23 0.0000e+00
       4411    166.000     4.2679     4.2674   3.295971   3.295113     2.2665      98.92     0.0287      0.369    6.66032    35.1062    35.0966    27.8423    1470.58    1472.22 0.0000e+00
       4435    167.000     4.2623     4.2621   3.295484   3.294651     2.2663      98.91     0.0303      0.375    6.67338    35.1059    35.0963    27.8426    1470.58    1472.21 0.0000e+00
       4459    168.000     4.2588     4.2586   3.295204   3.294385     2.2671      98.91     0.0332      0.424    6.68045    35.1058    35.0963    27.8429    1470.58    1472.20 0.0000e+00
       4483    169.000     4.2448     4.2444   3.293891   3.293038     2.2672      98.91     0.0307      0.413    6.67705    35.1046    35.0950    27.8435    1470.54    1472.19 0.0000e+00
       4507    170.000     4.2178     4.2178   3.291358   3.290542     2.2671      98.92     0.0313      0.401    6.67470    35.1029    35.0933    27.8450    1470.44    1472.18 0.0000e+00
       4530    171.000     4.1964     4.1962   3.289432   3.288590     2.2663      98.91     0.0292      0.368    6.67810    35.1024    35.0926    27.8469    1470.36    1472.17 0.0000e+00
       4554    172.000     4.1722     4.1726   3.287108   3.286331     2.2662      98.91     0.0319      0.421    6.68611    35.1002    35.0905    27.8477    1470.28    1472.15 0.0000e+00
