Physical_Data/CTD_Data/Example_Data/sta0479.cnv
* Sea-Bird SBE 9 Data File:
* FileName = C:\Seabird\CTDData\sta0479.hex
* Software Version Seasave V 7.21f
* Temperature SN = 4340
* Conductivity SN = 3012
* Number of Bytes Per Scan = 34
* Number of Voltage Words = 3
* Number of Scans Averaged by the Deck Unit = 1
* NMEA Latitude = 73 50.24 N
* NMEA Longitude = 007 33.86 E
* NMEA UTC (Time) = Jun 23 2016 08:33:51
* NMEA baud rate = 4800
** Ship: 10 F/F "G. O. Sars"
** Station: 0479
** Echodepth: 686
** Log: 7760.786
** Wind-Dir Force: 20 14
** Air-temp (dry): 6.7
** Weather Sky: 2 5
** Sea Ice: 3 0
** Par light: 451
# nquan = 17                                
# nvalues = 675                         
# units = specified
# name 0 = scan: Scan Count
# name 1 = prDM: Pressure, Digiquartz [db]
# name 2 = t068C: Temperature [ITS-68, deg C]
# name 3 = t168C: Temperature, 2 [ITS-68, deg C]
# name 4 = c0S/m: Conductivity [S/m]
# name 5 = c1S/m: Conductivity, 2 [S/m]
# name 6 = sbeox0V: Oxygen raw, SBE 43 [V]
# name 7 = altM: Altimeter [m]
# name 8 = flC: Fluorescence, Chelsea Aqua 3 Chl Con [ug/l]
# name 9 = seaTurbMtr: Turbidity, Seapoint [FTU]
# name 10 = sbeox0ML/L: Oxygen, SBE 43 [ml/l], WS = 2
# name 11 = sal00: Salinity, Practical [PSU]
# name 12 = sal11: Salinity, Practical, 2 [PSU]
# name 13 = sigma-t00: Density [sigma-t, Kg/m^3 ]
# name 14 = svCM: Sound Velocity [Chen-Millero, m/s]
# name 15 = avgsvCM: Average Sound Velocity [Chen-Millero, m/s], minP = 1, minS = 5
# name 16 = flag: flag
# span 0 =       -180,      18080       
# span 1 =      3.000,    677.000       
# span 2 =    -0.0710,     6.7750       
# span 3 =    -0.0589,     6.7763       
# span 4 =   2.919447,   3.519051       
# span 5 =   2.921871,   3.518320       
# span 6 =     1.9912,     2.5498       
# span 7 =      39.45,     100.65       
# span 8 =     0.0098,     1.2256       
# span 9 =      0.171,      4.186       
# span 10 =    6.56126,    7.16279      
# span 11 =    34.9113,    35.1360      
# span 12 =    34.8984,    35.1265      
# span 13 =    27.5495,    28.0395      
# span 14 =    1458.42,    1477.99      
# span 15 =    1465.09,    1477.99      
# span 16 = 0.0000e+00, 0.0000e+00      
# interval = decibars: 1                
# start_time = Jun 23 2016 08:33:54 [System UTC, header]
# bad_flag = -9.990e-29
*END*
[from data line 341]
       8952    344.000     1.8233     1.8228   3.076264   3.075524     2.1654      98.92     0.0211      0.313    6.85968    34.9790    34.9703    27.9689    1462.91    1470.62 0.0000e+00
       8976    345.000     1.8078     1.8074   3.074912   3.074180     2.1641      98.92     0.0225      0.238    6.86112    34.9785    34.9698    27.9698    1462.86    1470.60 0.0000e+00
       9000    346.000     1.7856     1.7864   3.072817   3.072185     2.1634      98.93     0.0189      0.258    6.86130    34.9761    34.9672    27.9695    1462.77    1470.58 0.0000e+00
       9022    347.000     1.7522     1.7525   3.069817   3.069156     2.1621      98.92     0.0176      0.250    6.85861    34.9746    34.9659    27.9709    1462.64    1470.56 0.0000e+00
       9045    348.000     1.7397     1.7396   3.068780   3.068070     2.1608      98.92     0.0166      0.256    6.85547    34.9747    34.9659    27.9720    1462.60    1470.53 0.0000e+00
       9068    349.000     1.7235     1.7203   3.067200   3.066205     2.1596      98.93     0.0169      0.292    6.86280    34.9721    34.9631    27.9711    1462.54    1470.51 0.0000e+00
       9091    350.000     1.6846     1.6851   3.063646   3.062985     2.1589      98.92     0.0169      0.238    6.87004    34.9697    34.9608    27.9721    1462.39    1470.49 0.0000e+00
       9116    351.000     1.6427     1.6424   3.059853   3.059130     2.1576      98.93     0.0195      0.226    6.85631    34.9675    34.9587    27.9736    1462.21    1470.46 0.0000e+00
       9141    352.000     1.6141     1.6137   3.057298   3.056577     2.1555      98.93     0.0188      0.226    6.85624    34.9663    34.9576    27.9747    1462.10    1470.44 0.0000e+00
       9166    353.000     1.6039     1.6038   3.056518   3.055829     2.1537      98.92     0.0189      0.281    6.85141    34.9671    34.9585    27.9762    1462.08    1470.42 0.0000e+00
       9191    354.000     1.6039     1.6042   3.056625   3.055991     2.1521      98.93     0.0217      0.234    6.85138    34.9679    34.9595    27.9768    1462.09    1470.39 0.0000e+00
       9213    355.000     1.6157     1.6159   3.057885   3.057229     2.1509      98.92     0.0229      0.233    6.85029    34.9702    34.9617    27.9778    1462.16    1470.37 0.0000e+00
       9235    356.000     1.5868     1.5866   3.055081   3.054394     2.1502      98.92     0.0211      0.240    6.85906    34.9661    34.9576    27.9767    1462.05    1470.35 0.0000e+00
       9258    357.000     1.5514     1.5510   3.052087   3.051391     2.1494      98.92     0.0181      0.228    6.86728    34.9668    34.9584    27.9799    1461.91    1470.32 0.0000e+00
       9282    358.000     1.5513     1.5515   3.052198   3.051561     2.1492      98.92     0.0180      0.252    6.87087    34.9678    34.9595    27.9806    1461.93    1470.30 0.0000e+00
       9307    359.000     1.5529     1.5531   3.052459   3.051815     2.1486      98.92     0.0216      0.249    6.87313    34.9687    34.9603    27.9813    1461.95    1470.27 0.0000e+00
       9331    360.000     1.5480     1.5477   3.052076   3.051391     2.1489      98.92     0.0241      0.242    6.88435    34.9687    34.9604    27.9817    1461.94    1470.25 0.0000e+00
       9356    361.000     1.5279     1.5280   3.050255   3.049595     2.1493      98.92     0.0235      0.241    6.89121    34.9673    34.9589    27.9820    1461.87    1470.23 0.0000e+00
       9379    362.000     1.4972     1.4970   3.047584   3.046919     2.1498      98.92     0.0253      0.227    6.90624    34.9669    34.9587    27.9839    1461.75    1470.20 0.0000e+00
       9403    363.000     1.4889     1.4891   3.046901   3.046260     2.1506      98.92     0.0248      0.233    6.91567    34.9669    34.9585    27.9845    1461.73    1470.18 0.0000e+00
       9425    364.000     1.4845     1.4846   3.046570   3.045916     2.1516      98.92     0.0233      0.230    6.92080    34.9670    34.9585    27.9849    1461.73    1470.16 0.0000e+00
       9448    365.000     1.4820     1.4822   3.046374   3.045738     2.1524      98.92     0.0197      0.237    6.92680    34.9667    34.9584    27.9849    1461.73    1470.13 0.0000e+00
       9471    366.000     1.4775     1.4776   3.046015   3.045380     2.1533      98.92     0.0221      0.236    6.92904    34.9665    34.9583    27.9851    1461.73    1470.11 0.0000e+00
       9496    367.000     1.4749     1.4750   3.045841   3.045201     2.1538      98.92     0.0213      0.258    6.91908    34.9666    34.9584    27.9854    1461.73    1470.09 0.0000e+00
       9520    368.000     1.4746     1.4746   3.045861   3.045203     2.1533      98.92     0.0242      0.245    6.90802    34.9666    34.9583    27.9854    1461.75    1470.07 0.0000e+00
       9544    369.000     1.4734     1.4732   3.045806   3.045140     2.1529      98.92     0.0273      0.246    6.91214    34.9667    34.9584    27.9855    1461.76    1470.04 0.0000e+00
       9567    370.000     1.4696     1.4703   3.045487   3.044904     2.1525      98.92     0.0217      0.232    6.91084    34.9663    34.9581    27.9855    1461.76    1470.02 0.0000e+00
       9590    371.000     1.4623     1.4623   3.044853   3.044196     2.1522      98.92     0.0237      0.270    6.91444    34.9657    34.9574    27.9856    1461.74    1470.00 0.0000e+00
       9612    372.000     1.4468     1.4481   3.043498   3.042958     2.1520      98.93     0.0252      0.257    6.91845    34.9651    34.9568    27.9862    1461.69    1469.98 0.0000e+00
       9634    373.000     1.4279     1.4274   3.041741   3.041048     2.1519      98.93     0.0224      0.230    6.92382    34.9632    34.9549    27.9861    1461.62    1469.95 0.0000e+00
       9658    374.000     1.4084     1.4085   3.040074   3.039424     2.1517      98.92     0.0202      0.368    6.92719    34.9631    34.9547    27.9874    1461.55    1469.93 0.0000e+00
       9683    375.000     1.4045     1.4047   3.039788   3.039146     2.1513      98.92     0.0170      0.241    6.91797    34.9632    34.9548    27.9877    1461.55    1469.91 0.0000e+00
       9708    376.000     1.4057     1.4057   3.039925   3.039279     2.1506      98.92     0.0195      0.276    6.92132    34.9630    34.9548    27.9875    1461.57    1469.89 0.0000e+00
       9732    377.000     1.4054     1.4055   3.039954   3.039307     2.1504      98.93     0.0212      0.232    6.92748    34.9631    34.9548    27.9876    1461.58    1469.86 0.0000e+00
       9754    378.000     1.3935     1.3931   3.038868   3.038188     2.1505      98.92     0.0229      0.237    6.93204    34.9620    34.9537    27.9875    1461.55    1469.84 0.0000e+00
       9776    379.000     1.3772     1.3759   3.037475   3.036691     2.1504      98.92     0.0213      0.223    6.93238    34.9618    34.9532    27.9886    1461.49    1469.82 0.0000e+00
       9800    380.000     1.3683     1.3686   3.036745   3.036119     2.1502      98.92     0.0228      0.227    6.92687    34.9618    34.9535    27.9892    1461.47    1469.80 0.0000e+00
       9824    381.000     1.3668     1.3662   3.036639   3.035943     2.1493      98.92     0.0251      0.227    6.92482    34.9615    34.9533    27.9891    1461.48    1469.78 0.0000e+00
       9849    382.000     1.3042     1.3058   3.030773   3.030243     2.1491      98.92     0.0210      0.224    6.94857    34.9557    34.9472    27.9889    1461.21    1469.75 0.0000e+00
       9874    383.000     1.2909     1.2864   3.029679   3.028625     2.1493      98.92     0.0186      0.225    6.95284    34.9560    34.9475    27.9901    1461.16    1469.73 0.0000e+00
       9898    384.000     1.2696     1.2695   3.027909   3.027222     2.1492      98.92     0.0178      0.225    6.95498    34.9565    34.9478    27.9920    1461.09    1469.71 0.0000e+00
       9923    385.000     1.2674     1.2677   3.027723   3.027075     2.1492      98.92     0.0178      0.229    6.95474    34.9560    34.9474    27.9918    1461.09    1469.69 0.0000e+00
       9948    386.000     1.2573     1.2560   3.026791   3.026002     2.1487      98.92     0.0211      0.232    6.94490    34.9547    34.9461    27.9915    1461.06    1469.66 0.0000e+00
       9971    387.000     1.2153     1.2159   3.022811   3.022200     2.1479      98.92     0.0192      0.253    6.95607    34.9500    34.9415    27.9906    1460.88    1469.64 0.0000e+00
       9992    388.000     1.1861     1.1843   3.020383   3.019596     2.1477      98.93     0.0199      0.217    6.96001    34.9509    34.9428    27.9934    1460.77    1469.62 0.0000e+00
      10014    389.000     1.1734     1.1747   3.019229   3.018680     2.1469      98.92     0.0191      0.226    6.96164    34.9497    34.9412    27.9933    1460.73    1469.59 0.0000e+00
      10035    390.000     1.1691     1.1700   3.018917   3.018332     2.1467      98.92     0.0174      0.218    6.96117    34.9499    34.9414    27.9938    1460.73    1469.57 0.0000e+00
      10059    391.000     1.1593     1.1604   3.018029   3.017466     2.1458      98.92     0.0187      0.228    6.95341    34.9489    34.9404    27.9936    1460.70    1469.55 0.0000e+00
      10085    392.000     1.1395     1.1345   3.016250   3.015068     2.1447      98.92     0.0177      0.260    6.94869    34.9476    34.9380    27.9939    1460.62    1469.53 0.0000e+00
      10111    393.000     1.1029     1.1031   3.012984   3.012395     2.1432      98.92     0.0216      0.227    6.95057    34.9459    34.9381    27.9951    1460.47    1469.50 0.0000e+00
      10135    394.000     1.0897     1.0917   3.011859   3.011368     2.1421      98.92     0.0195      0.223    6.95338    34.9456    34.9371    27.9958    1460.43    1469.48 0.0000e+00
      10158    395.000     1.0797     1.0794   3.011012   3.010336     2.1411      98.93     0.0179      0.240    6.94427    34.9453    34.9370    27.9962    1460.40    1469.46 0.0000e+00
      10180    396.000     1.0759     1.0759   3.010754   3.010107     2.1394      98.92     0.0182      0.248    6.93622    34.9457    34.9374    27.9968    1460.40    1469.43 0.0000e+00
      10204    397.000     1.0743     1.0742   3.010639   3.009979     2.1380      98.92     0.0169      0.351    6.93833    34.9454    34.9370    27.9967    1460.41    1469.41 0.0000e+00
      10228    398.000     1.0762     1.0745   3.010857   3.010038     2.1372      98.92     0.0170      0.245    6.94514    34.9455    34.9369    27.9966    1460.44    1469.39 0.0000e+00
      10252    399.000     1.0681     1.0687   3.010145   3.009593     2.1365      98.92     0.0162      0.220    6.94732    34.9448    34.9371    27.9966    1460.42    1469.37 0.0000e+00
      10274    400.000     1.0622     1.0624   3.009693   3.009069     2.1363      98.92     0.0197      0.227    6.95302    34.9450    34.9368    27.9972    1460.41    1469.34 0.0000e+00
      10297    401.000     1.0601     1.0602   3.009550   3.008898     2.1360      98.93     0.0223      0.229    6.95360    34.9450    34.9365    27.9973    1460.41    1469.32 0.0000e+00
      10322    402.000     1.0581     1.0585   3.009413   3.008803     2.1358      98.92     0.0195      0.221    6.95318    34.9448    34.9366    27.9973    1460.42    1469.30 0.0000e+00
      10348    403.000     1.0557     1.0566   3.009240   3.008672     2.1352      98.92     0.0184      0.233    6.93996    34.9447    34.9364    27.9974    1460.43    1469.28 0.0000e+00
      10372    404.000     1.0540     1.0544   3.009137   3.008525     2.1340      98.92     0.0174      0.231    6.93492    34.9447    34.9364    27.9975    1460.43    1469.25 0.0000e+00
      10394    405.000     1.0510     1.0508   3.008907   3.008235     2.1332      98.92     0.0194      0.220    6.93629    34.9445    34.9361    27.9975    1460.44    1469.23 0.0000e+00
      10415    406.000     1.0469     1.0462   3.008568   3.007849     2.1326      98.92     0.0203      0.219    6.94822    34.9442    34.9357    27.9975    1460.43    1469.21 0.0000e+00
      10438    407.000     1.0422     1.0436   3.008216   3.007689     2.1327      98.92     0.0178      0.230    6.94922    34.9443    34.9360    27.9980    1460.43    1469.19 0.0000e+00
      10463    408.000     1.0390     1.0386   3.007914   3.007238     2.1324      98.92     0.0174      0.216    6.94881    34.9434    34.9352    27.9975    1460.43    1469.17 0.0000e+00
      10488    409.000     1.0276     1.0276   3.006917   3.006260     2.1321      98.92     0.0182      0.222    6.94434    34.9427    34.9343    27.9977    1460.40    1469.15 0.0000e+00
      10514    410.000     1.0028     1.0028   3.004624   3.003980     2.1312      98.92     0.0179      0.226    6.94708    34.9404    34.9321    27.9975    1460.30    1469.12 0.0000e+00
      10538    411.000     0.9722     0.9721   3.001832   3.001174     2.1309      98.92     0.0174      0.221    6.95332    34.9380    34.9297    27.9976    1460.17    1469.10 0.0000e+00
      10560    412.000     0.9243     0.9237   2.997421   2.996693     2.1301      98.92     0.0176      0.230    6.95874    34.9342    34.9255    27.9977    1459.97    1469.08 0.0000e+00
      10582    413.000     0.8846     0.8841   2.994004   2.993294     2.1297      98.71     0.0186      0.215    6.96108    34.9339    34.9253    28.0001    1459.81    1469.06 0.0000e+00
      10604    414.000     0.8751     0.8751   2.993222   2.992547     2.1284      98.68     0.0198      0.212    6.95119    34.9339    34.9252    28.0007    1459.78    1469.03 0.0000e+00
      10628    415.000     0.8722     0.8724   2.992988   2.992335     2.1273      98.92     0.0199      0.234    6.95160    34.9335    34.9249    28.0006    1459.78    1469.01 0.0000e+00
      10652    416.000     0.8668     0.8668   2.992526   2.991875     2.1259      98.92     0.0166      0.233    6.94031    34.9330    34.9246    28.0006    1459.77    1468.99 0.0000e+00
      10677    417.000     0.8540     0.8539   2.991366   2.990697     2.1247      98.92     0.0182      0.215    6.94727    34.9318    34.9233    28.0004    1459.73    1468.97 0.0000e+00
      10701    418.000     0.8294     0.8289   2.989168   2.988471     2.1234      98.92     0.0199      0.250    6.93915    34.9304    34.9219    28.0009    1459.64    1468.95 0.0000e+00
      10727    419.000     0.8037     0.8038   2.986920   2.986290     2.1220      98.92     0.0189      0.205    6.94199    34.9295    34.9212    28.0018    1459.54    1468.92 0.0000e+00
      10751    420.000     0.7973     0.7975   2.986416   2.985769     2.1205      98.92     0.0197      0.207    6.93868    34.9296    34.9210    28.0023    1459.52    1468.90 0.0000e+00
      10775    421.000     0.7896     0.7896   2.985748   2.985097     2.1195      98.92     0.0185      0.213    6.93805    34.9290    34.9205    28.0023    1459.50    1468.88 0.0000e+00
      10799    422.000     0.7864     0.7867   2.985542   2.984919     2.1180      98.93     0.0185      0.206    6.92637    34.9293    34.9209    28.0028    1459.51    1468.86 0.0000e+00
      10823    423.000     0.7855     0.7857   2.985515   2.984885     2.1164      98.92     0.0185      0.213    6.92049    34.9294    34.9210    28.0029    1459.52    1468.83 0.0000e+00
      10848    424.000     0.7836     0.7837   2.985385   2.984756     2.1148      98.92     0.0198      0.209    6.91651    34.9292    34.9210    28.0029    1459.53    1468.81 0.0000e+00
      10873    425.000     0.7765     0.7761   2.984803   2.984130     2.1135      98.93     0.0187      0.205    6.91488    34.9291    34.9208    28.0032    1459.51    1468.79 0.0000e+00
      10897    426.000     0.7681     0.7683   2.984105   2.983477     2.1119      98.92     0.0183      0.209    6.90861    34.9289    34.9205    28.0036    1459.49    1468.77 0.0000e+00
      10919    427.000     0.7602     0.7606   2.983437   2.982838     2.1107      98.92     0.0193      0.210    6.91637    34.9285    34.9203    28.0038    1459.47    1468.75 0.0000e+00
