Physical_Data/CTD_Data/Example_Data/sta0477.cnv
* Sea-Bird SBE 9 Data File:
* FileName = C:\Seabird\CTDData\sta0477.hex
* Software Version Seasave V 7.21f
* Temperature SN = 4340
* Conductivity SN = 3012
* Number of Bytes Per Scan = 34
* Number of Voltage Words = 3
* Number of Scans Averaged by the Deck Unit = 1
* NMEA Latitude = 73 49.54 N
* NMEA Longitude = 007 28.68 E
* NMEA UTC (Time) = Jun 22 2016 08:27:40
* NMEA baud rate = 4800
** Ship: 10 F/F "G. O. Sars"
** Station: 0477
** Echodepth: 1000
** Log: 7736.632
** Wind-Dir Force: 33 02
** Air-temp (dry): 7.7
** Weather Sky: 2 5
** Sea Ice: 2 0
** Par light: 451
# nquan = 17                                
# nvalues = 999                         
# units = specified
# name 0 = scan: Scan Count
# name 1 = prDM: Pressure, Digiquartz [db]
# name 2 = t068C: Temperature [ITS-68, deg C]
# name 3 = t168C: Temperature, 2 [ITS-68, deg C]
# name 4 = c0S/m: Conductivity [S/m]
# name 5 = c1S/m: Conductivity, 2 [S/m]
# name 6 = sbeox0V: Oxygen raw, SBE 43 [V]
# name 7 = altM: Altimeter [m]
# name 8 = flC: Fluorescence, Chelsea Aqua 3 Chl Con [ug/l]
# name 9 = seaTurbMtr: Turbidity, Seapoint [FTU]
# name 10 = sbeox0ML/L: Oxygen, SBE 43 [ml/l], WS = 2
# name 11 = sal00: Salinity, Practical [PSU]
# name 12 = sal11: Salinity, Practical, 2 [PSU]
# name 13 = sigma-t00: Density [sigma-t, Kg/m^3 ]
# name 14 = svCM: Sound Velocity [Chen-Millero, m/s]
# name 15 = avgsvCM: Average Sound Velocity [Chen-Millero, m/s], minP = 1, minS = 5
# name 16 = flag: flag
# span 0 =        682,      26537       
# span 1 =      4.000,   1002.000       
# span 2 =    -0.4959,     6.1466       
# span 3 =    -0.4907,     6.1500       
# span 4 =   2.899612,   3.460506       
# span 5 =   2.902099,   3.459873       
# span 6 =     1.8939,     2.5608       
# span 7 =       7.23,      99.18       
# span 8 =     0.0084,     1.2135       
# span 9 =      0.165,      2.573       
# span 10 =    6.58015,    7.32995      
# span 11 =    34.9062,    35.1347      
# span 12 =    34.8979,    35.1252      
# span 13 =    27.6264,    28.0588      
# span 14 =    1457.39,    1475.57      
# span 15 =    1462.72,    1475.50      
# span 16 = 0.0000e+00, 0.0000e+00      
# interval = decibars: 1                
# start_time = Jun 22 2016 08:27:43 [System UTC, header]
# bad_flag = -9.990e-29
*END*
[from data line 511]
      12974    515.000     0.0572     0.1148   2.925547   2.930011     2.0665      98.91     0.0188      0.202    6.96530    34.9123    34.9059    28.0324    1457.69    1465.12 0.0000e+00
      12999    516.000     0.0564     0.1163   2.925529   2.930112     2.0665      98.91     0.0188      0.377    6.97014    34.9124    34.9050    28.0325    1457.70    1465.10 0.0000e+00
      13024    517.000     0.0567     0.1172   2.925605   2.930165     2.0672      98.91     0.0194      0.182    6.98493    34.9125    34.9041    28.0326    1457.72    1465.09 0.0000e+00
      13047    518.000     0.0561     0.1175   2.925593   2.930134     2.0680      98.91     0.0184      0.188    6.99539    34.9124    34.9027    28.0326    1457.73    1465.07 0.0000e+00
      13070    519.000     0.0558     0.1166   2.925619   2.930023     2.0692      98.91     0.0175      0.184    7.00183    34.9125    34.9017    28.0326    1457.75    1465.06 0.0000e+00
      13093    520.000     0.0554     0.1148   2.925615   2.929836     2.0701      98.91     0.0198      0.256    6.99835    34.9123    34.9007    28.0325    1457.76    1465.04 0.0000e+00
      13118    521.000     0.0490     0.1109   2.925106   2.929668     2.0706      98.91     0.0184      0.199    7.00149    34.9122    34.9023    28.0328    1457.75    1465.03 0.0000e+00
      13143    522.000     0.0461     0.1080   2.924913   2.929488     2.0712      98.91     0.0192      0.288    6.99750    34.9124    34.9026    28.0331    1457.75    1465.02 0.0000e+00
      13168    523.000     0.0442     0.1066   2.924791   2.929297     2.0710      82.38     0.0165      0.230    6.98440    34.9123    34.9011    28.0331    1457.76    1465.00 0.0000e+00
      13192    524.000     0.0432     0.1039   2.924766   2.929126     2.0708      66.63     0.0184      0.180    7.00698    34.9125    34.9013    28.0334    1457.77    1464.99 0.0000e+00
      13215    525.000     0.0425     0.1006   2.924743   2.928971     2.0716      98.95     0.0216      0.186    7.00673    34.9124    34.9024    28.0333    1457.79    1464.98 0.0000e+00
      13239    526.000     0.0414     0.0987   2.924689   2.928793     2.0721      98.91     0.0206      0.180    7.01329    34.9124    34.9016    28.0333    1457.80    1464.96 0.0000e+00
      13263    527.000     0.0412     0.0960   2.924719   2.928645     2.0725      98.91     0.0205      0.187    7.01036    34.9124    34.9021    28.0334    1457.81    1464.95 0.0000e+00
      13288    528.000     0.0409     0.0927   2.924743   2.928532     2.0727      98.90     0.0175      0.188    7.01627    34.9125    34.9038    28.0334    1457.83    1464.93 0.0000e+00
      13312    529.000     0.0402     0.0913   2.924724   2.928433     2.0735      98.91     0.0168      0.183    7.02614    34.9124    34.9034    28.0334    1457.84    1464.92 0.0000e+00
      13334    530.000     0.0373     0.0907   2.924505   2.928329     2.0741      98.91     0.0165      0.185    7.03151    34.9122    34.9022    28.0334    1457.84    1464.91 0.0000e+00
      13357    531.000     0.0257     0.0886   2.923501   2.928227     2.0748      98.91     0.0204      0.233    7.03062    34.9115    34.9026    28.0335    1457.81    1464.89 0.0000e+00
      13381    532.000     0.0153     0.0857   2.922704   2.928104     2.0750      98.91     0.0229      0.189    7.02748    34.9122    34.9037    28.0346    1457.78    1464.88 0.0000e+00
      13407    533.000     0.0156     0.0837   2.922766   2.928019     2.0750      98.91     0.0189      0.181    7.02632    34.9121    34.9042    28.0345    1457.79    1464.87 0.0000e+00
      13431    534.000     0.0142     0.0831   2.922671   2.927926     2.0750      98.91     0.0163      0.175    7.02183    34.9118    34.9031    28.0344    1457.80    1464.85 0.0000e+00
      13454    535.000     0.0138     0.0820   2.922708   2.927841     2.0742      98.91     0.0184      0.201    6.99809    34.9122    34.9026    28.0347    1457.82    1464.84 0.0000e+00
      13476    536.000     0.0122     0.0803   2.922595   2.927731     2.0726      98.91     0.0182      0.179    6.98101    34.9119    34.9025    28.0345    1457.83    1464.83 0.0000e+00
      13499    537.000     0.0097     0.0785   2.922413   2.927607     2.0705      89.49     0.0169      0.186    6.95662    34.9117    34.9023    28.0345    1457.83    1464.81 0.0000e+00
      13523    538.000     0.0049     0.0759   2.922050   2.927485     2.0680      72.91     0.0185      0.183    6.96903    34.9118    34.9030    28.0348    1457.83    1464.80 0.0000e+00
      13547    539.000     0.0009     0.0746   2.921758   2.927392     2.0666      98.85     0.0157      0.181    6.96257    34.9119    34.9027    28.0351    1457.82    1464.79 0.0000e+00
      13571    540.000    -0.0011     0.0733   2.921634   2.927300     2.0647      98.91     0.0157      0.177    6.94824    34.9119    34.9024    28.0352    1457.83    1464.78 0.0000e+00
      13595    541.000    -0.0038     0.0716   2.921444   2.927217     2.0626      98.91     0.0189      0.181    6.93832    34.9119    34.9026    28.0354    1457.84    1464.76 0.0000e+00
      13618    542.000    -0.0074     0.0700   2.921194   2.927121     2.0605      98.91     0.0165      0.185    6.92808    34.9120    34.9026    28.0357    1457.84    1464.75 0.0000e+00
      13642    543.000    -0.0090     0.0677   2.921108   2.927002     2.0580      98.91     0.0171      0.176    6.91940    34.9121    34.9030    28.0359    1457.85    1464.74 0.0000e+00
      13666    544.000    -0.0116     0.0651   2.920919   2.926899     2.0562      98.91     0.0200      0.175    6.92520    34.9120    34.9040    28.0359    1457.85    1464.72 0.0000e+00
      13689    545.000    -0.0149     0.0650   2.920690   2.926752     2.0549      98.91     0.0192      0.177    6.92576    34.9121    34.9016    28.0362    1457.85    1464.71 0.0000e+00
      13712    546.000    -0.0161     0.0629   2.920629   2.926606     2.0537      98.91     0.0183      0.173    6.92765    34.9121    34.9014    28.0362    1457.86    1464.70 0.0000e+00
      13736    547.000    -0.0190     0.0604   2.920427   2.926478     2.0527      98.91     0.0167      0.177    6.92628    34.9121    34.9020    28.0364    1457.86    1464.69 0.0000e+00
      13759    548.000    -0.0210     0.0586   2.920311   2.926298     2.0516      98.91     0.0150      0.174    6.91650    34.9122    34.9011    28.0366    1457.87    1464.67 0.0000e+00
      13784    549.000    -0.0234     0.0556   2.920151   2.926109     2.0504      98.91     0.0132      0.174    6.92031    34.9122    34.9014    28.0367    1457.88    1464.66 0.0000e+00
      13808    550.000    -0.0245     0.0528   2.920105   2.925957     2.0497      98.91     0.0130      0.178    6.92148    34.9123    34.9019    28.0368    1457.89    1464.65 0.0000e+00
      13833    551.000    -0.0259     0.0502   2.920021   2.925797     2.0488      91.39     0.0179      0.170    6.91239    34.9122    34.9022    28.0368    1457.90    1464.64 0.0000e+00
      13856    552.000    -0.0278     0.0473   2.919907   2.925655     2.0481      86.67     0.0154      0.184    6.93636    34.9122    34.9030    28.0369    1457.91    1464.62 0.0000e+00
      13879    553.000    -0.0287     0.0453   2.919886   2.925432     2.0484      99.03     0.0157      0.181    6.92396    34.9124    34.9017    28.0371    1457.92    1464.61 0.0000e+00
      13901    554.000    -0.0294     0.0418   2.919870   2.925224     2.0475      98.91     0.0177      0.171    6.91497    34.9124    34.9024    28.0371    1457.93    1464.60 0.0000e+00
      13924    555.000    -0.0316     0.0394   2.919725   2.925091     2.0470      98.91     0.0513      0.183    6.91945    34.9123    34.9027    28.0372    1457.94    1464.59 0.0000e+00
      13948    556.000    -0.0319     0.0374   2.919744   2.924918     2.0463      98.91     0.1514      0.174    6.91413    34.9123    34.9021    28.0373    1457.95    1464.58 0.0000e+00
      13973    557.000    -0.0320     0.0343   2.919787   2.924744     2.0454      98.91     0.0770      0.174    6.90432    34.9124    34.9027    28.0373    1457.97    1464.56 0.0000e+00
      13999    558.000    -0.0332     0.0322   2.919730   2.924604     2.0443      98.91     0.0384      0.169    6.90266    34.9124    34.9027    28.0374    1457.98    1464.55 0.0000e+00
      14023    559.000    -0.0346     0.0302   2.919652   2.924465     2.0434      98.91     0.0215      0.190    6.90011    34.9124    34.9025    28.0375    1457.99    1464.54 0.0000e+00
      14045    560.000    -0.0369     0.0292   2.919498   2.924276     2.0426      98.90     0.0201      0.170    6.90137    34.9124    34.9006    28.0376    1458.00    1464.53 0.0000e+00
      14067    561.000    -0.0390     0.0265   2.919370   2.924066     2.0421      98.91     0.0187      0.178    6.90522    34.9125    34.9003    28.0377    1458.00    1464.52 0.0000e+00
      14089    562.000    -0.0412     0.0233   2.919226   2.923863     2.0417      98.91     0.0160      0.177    6.89749    34.9125    34.9006    28.0379    1458.01    1464.51 0.0000e+00
      14113    563.000    -0.0436     0.0211   2.919062   2.923676     2.0404      98.92     0.0131      0.175    6.89051    34.9124    34.9000    28.0380    1458.01    1464.49 0.0000e+00
      14139    564.000    -0.0468     0.0177   2.918841   2.923531     2.0395      98.91     0.0113      0.171    6.88150    34.9126    34.9014    28.0382    1458.02    1464.48 0.0000e+00
      14164    565.000    -0.0483     0.0160   2.918764   2.923463     2.0378      95.59     0.0140      0.184    6.86255    34.9126    34.9018    28.0384    1458.03    1464.47 0.0000e+00
      14187    566.000    -0.0493     0.0141   2.918729   2.923328     2.0360      92.86     0.0167      0.172    6.86603    34.9127    34.9016    28.0385    1458.04    1464.46 0.0000e+00
      14209    567.000    -0.0523     0.0121   2.918491   2.923110     2.0349      98.78     0.0174      0.178    6.85671    34.9124    34.9004    28.0384    1458.04    1464.45 0.0000e+00
      14232    568.000    -0.0547     0.0087   2.918352   2.922923     2.0331      98.91     0.0175      0.197    6.84552    34.9127    34.9012    28.0387    1458.05    1464.44 0.0000e+00
      14256    569.000    -0.0584     0.0059   2.918052   2.922820     2.0312      98.91     0.0174      0.186    6.83916    34.9123    34.9024    28.0386    1458.05    1464.43 0.0000e+00
      14281    570.000    -0.0616     0.0039   2.917832   2.922719     2.0292      98.91     0.0150      0.181    6.83214    34.9124    34.9028    28.0389    1458.05    1464.41 0.0000e+00
      14306    571.000    -0.0629     0.0019   2.917772   2.922615     2.0274      98.91     0.0159      0.183    6.82357    34.9125    34.9031    28.0391    1458.06    1464.40 0.0000e+00
      14329    572.000    -0.0637     0.0010   2.917756   2.922506     2.0255      98.91     0.0187      0.183    6.81312    34.9126    34.9020    28.0392    1458.07    1464.39 0.0000e+00
      14351    573.000    -0.0651    -0.0006   2.917679   2.922366     2.0236      98.91     0.0170      0.182    6.80694    34.9126    34.9014    28.0392    1458.08    1464.38 0.0000e+00
      14374    574.000    -0.0659    -0.0026   2.917660   2.922205     2.0216      98.91     0.0165      0.181    6.79458    34.9127    34.9010    28.0393    1458.09    1464.37 0.0000e+00
      14399    575.000    -0.0663    -0.0063   2.917675   2.922108     2.0193      98.91     0.0187      0.178    6.79014    34.9127    34.9033    28.0394    1458.11    1464.36 0.0000e+00
      14423    576.000    -0.0667    -0.0075   2.917675   2.922024     2.0177      98.91     0.0165      0.177    6.79206    34.9126    34.9029    28.0393    1458.12    1464.35 0.0000e+00
      14446    577.000    -0.0676    -0.0088   2.917639   2.921932     2.0160      98.91     0.0179      0.181    6.77995    34.9125    34.9026    28.0393    1458.13    1464.34 0.0000e+00
      14469    578.000    -0.0681    -0.0104   2.917649   2.921813     2.0143      98.91     0.0178      0.181    6.77507    34.9126    34.9023    28.0394    1458.15    1464.33 0.0000e+00
      14492    579.000    -0.0681    -0.0118   2.917704   2.921690     2.0129      98.91     0.0167      0.233    6.78074    34.9128    34.9016    28.0395    1458.17    1464.32 0.0000e+00
      14518    580.000    -0.0681    -0.0138   2.917728   2.921591     2.0116      98.91     0.0161      0.392    6.77310    34.9125    34.9020    28.0393    1458.18    1464.31 0.0000e+00
      14542    581.000    -0.0697    -0.0161   2.917642   2.921487     2.0104      98.91     0.0203      0.176    6.77902    34.9126    34.9026    28.0395    1458.19    1464.30 0.0000e+00
      14565    582.000    -0.0702    -0.0173   2.917650   2.921364     2.0098      98.91     0.0208      0.182    6.77672    34.9127    34.9018    28.0396    1458.20    1464.28 0.0000e+00
      14587    583.000    -0.0704    -0.0193   2.917679   2.921224     2.0088      98.91     0.0173      0.182    6.77149    34.9127    34.9016    28.0396    1458.22    1464.27 0.0000e+00
      14609    584.000    -0.0716    -0.0212   2.917614   2.921083     2.0080      98.91     0.0169      0.201    6.77427    34.9126    34.9013    28.0396    1458.23    1464.26 0.0000e+00
      14633    585.000    -0.0725    -0.0241   2.917580   2.920941     2.0075      98.91     0.0158      0.214    6.77234    34.9126    34.9021    28.0396    1458.24    1464.25 0.0000e+00
      14658    586.000    -0.0748    -0.0260   2.917433   2.920820     2.0066      98.91     0.0162      0.191    6.76865    34.9126    34.9021    28.0398    1458.25    1464.24 0.0000e+00
      14684    587.000    -0.0753    -0.0280   2.917442   2.920703     2.0057      98.91     0.0126      0.177    6.76841    34.9127    34.9022    28.0399    1458.26    1464.23 0.0000e+00
      14708    588.000    -0.0770    -0.0299   2.917328   2.920626     2.0053      98.91     0.0147      0.177    6.77249    34.9126    34.9028    28.0398    1458.27    1464.22 0.0000e+00
      14731    589.000    -0.0775    -0.0312   2.917340   2.920555     2.0048      98.91     0.0163      0.176    6.76171    34.9127    34.9027    28.0400    1458.29    1464.21 0.0000e+00
      14754    590.000    -0.0777    -0.0321   2.917367   2.920434     2.0039      98.92     0.0183      0.182    6.75771    34.9127    34.9015    28.0400    1458.30    1464.20 0.0000e+00
      14776    591.000    -0.0797    -0.0341   2.917229   2.920304     2.0030      98.91     0.0137      0.184    6.75271    34.9125    34.9015    28.0400    1458.31    1464.19 0.0000e+00
      14799    592.000    -0.0820    -0.0363   2.917083   2.920200     2.0020      98.91     0.0135      0.185    6.75250    34.9126    34.9020    28.0401    1458.31    1464.18 0.0000e+00
      14823    593.000    -0.0832    -0.0386   2.917010   2.920117     2.0014      98.91     0.0159      0.185    6.76069    34.9124    34.9029    28.0400    1458.33    1464.17 0.0000e+00
      14848    594.000    -0.0862    -0.0393   2.916806   2.920040     2.0010      98.91     0.0150      1.468    6.76308    34.9125    34.9021    28.0403    1458.33    1464.16 0.0000e+00
      14872    595.000    -0.0879    -0.0410   2.916713   2.919986     2.0008      98.92     0.0157      0.205    6.75990    34.9126    34.9027    28.0405    1458.34    1464.15 0.0000e+00
      14895    596.000    -0.0918    -0.0422   2.916378   2.919928     2.0002      98.91     0.0152      0.178    6.75899    34.9120    34.9027    28.0402    1458.33    1464.14 0.0000e+00
      14919    597.000    -0.1040    -0.0435   2.915348   2.919866     2.0000      98.91     0.0133      0.188    6.76319    34.9117    34.9028    28.0405    1458.29    1464.13 0.0000e+00
      14942    598.000    -0.1152    -0.0445   2.914449   2.919796     1.9995      98.91     0.0132      0.202    6.76083    34.9119    34.9024    28.0413    1458.26    1464.12 0.0000e+00
