Physical_Data/CTD_Data/Example_Data/sta0480.cnv
* Sea-Bird SBE 9 Data File:
* FileName = C:\Seabird\CTDData\sta0480.hex
* Software Version Seasave V 7.21f
* Temperature SN = 4340
* Conductivity SN = 3012
* Number of Bytes Per Scan = 34
* Number of Voltage Words = 3
* Number of Scans Averaged by the Deck Unit = 1
* NMEA Latitude = 73 49.78 N
* NMEA Longitude = 007 32.50 E
* NMEA UTC (Time) = Jun 23 2016 09:16:57
* NMEA baud rate = 4800
** Ship: 10 F/F "G. O. Sars"
** Station: 0480
** Echodepth: 602
** Log: 7761
** Wind-Dir Force: 20 14
** Air-temp (dry): 6.4
** Weather Sky: 2 5
** Sea Ice: 3 0
** Par light: 451
# nquan = 17                                
# nvalues = 591                         
# units = specified
# name 0 = scan: Scan Count
# name 1 = prDM: Pressure, Digiquartz [db]
# name 2 = t068C: Temperature [ITS-68, deg C]
# name 3 = t168C: Temperature, 2 [ITS-68, deg C]
# name 4 = c0S/m: Conductivity [S/m]
# name 5 = c1S/m: Conductivity, 2 [S/m]
# name 6 = sbeox0V: Oxygen raw, SBE 43 [V]
# name 7 = altM: Altimeter [m]
# name 8 = flC: Fluorescence, Chelsea Aqua 3 Chl Con [ug/l]
# name 9 = seaTurbMtr: Turbidity, Seapoint [FTU]
# name 10 = sbeox0ML/L: Oxygen, SBE 43 [ml/l], WS = 2
# name 11 = sal00: Salinity, Practical [PSU]
# name 12 = sal11: Salinity, Practical, 2 [PSU]
# name 13 = sigma-t00: Density [sigma-t, Kg/m^3 ]
# name 14 = svCM: Sound Velocity [Chen-Millero, m/s]
# name 15 = avgsvCM: Average Sound Velocity [Chen-Millero, m/s], minP = 1, minS = 5
# name 16 = flag: flag
# span 0 =        367,      17405       
# span 1 =      3.000,    593.000       
# span 2 =    -0.0514,     6.4825       
# span 3 =    -0.0537,     6.4826       
# span 4 =   2.919718,   3.491614       
# span 5 =   2.922647,   3.490788       
# span 6 =     2.0093,     2.5690       
# span 7 =      15.01,      99.21       
# span 8 =     0.0115,     1.1509       
# span 9 =      0.171,      2.995       
# span 10 =    6.60700,    7.25808      
# span 11 =    34.9097,    35.1299      
# span 12 =    34.8914,    35.1198      
# span 13 =    27.5852,    28.0382      
# span 14 =    1457.64,    1476.84      
# span 15 =    1465.63,    1476.84      
# span 16 = 0.0000e+00, 0.0000e+00      
# interval = decibars: 1                
# start_time = Jun 23 2016 09:17:00 [System UTC, header]
# bad_flag = -9.990e-29
*END*
[from data line 426]
      10757    429.000     0.7465     0.7462   2.982672   2.982003     2.1261      98.92     0.0264      0.224    7.00022    34.9328    34.9244    28.0081    1459.45    1468.37 0.0000e+00
      10783    430.000     0.7451     0.7450   2.982602   2.981970     2.1256      98.93     0.0409      0.221    6.99751    34.9329    34.9248    28.0083    1459.46    1468.35 0.0000e+00
      10807    431.000     0.7451     0.7449   2.982652   2.982004     2.1257      98.92     0.0344      0.227    7.01049    34.9329    34.9247    28.0083    1459.47    1468.33 0.0000e+00
      10832    432.000     0.7392     0.7385   2.982116   2.981407     2.1262      98.92     0.0455      0.220    7.02092    34.9320    34.9236    28.0080    1459.46    1468.31 0.0000e+00
      10857    433.000     0.7200     0.7174   2.980439   2.979590     2.1267      98.92     0.0476      0.217    7.02046    34.9312    34.9231    28.0086    1459.39    1468.29 0.0000e+00
      10882    434.000     0.6999     0.6975   2.978704   2.977846     2.1266      98.92     0.0363      0.211    7.01468    34.9307    34.9223    28.0094    1459.31    1468.27 0.0000e+00
      10906    435.000     0.6894     0.6883   2.977813   2.977092     2.1261      98.92     0.0284      0.228    7.01203    34.9303    34.9222    28.0098    1459.28    1468.25 0.0000e+00
      10928    436.000     0.6796     0.6798   2.976986   2.976362     2.1254      98.92     0.0248      0.234    7.01052    34.9300    34.9217    28.0102    1459.25    1468.23 0.0000e+00
      10950    437.000     0.6754     0.6755   2.976652   2.976031     2.1252      98.92     0.0272      0.224    7.01470    34.9298    34.9216    28.0103    1459.25    1468.21 0.0000e+00
      10972    438.000     0.6713     0.6714   2.976340   2.975718     2.1247      98.92     0.0303      0.251    7.01844    34.9298    34.9216    28.0105    1459.25    1468.19 0.0000e+00
      10997    439.000     0.6675     0.6677   2.976029   2.975417     2.1247      98.92     0.0259      0.217    7.02147    34.9294    34.9212    28.0104    1459.25    1468.17 0.0000e+00
      11025    440.000     0.6610     0.6607   2.975489   2.974838     2.1241      98.91     0.0260      0.231    7.01275    34.9291    34.9210    28.0106    1459.23    1468.15 0.0000e+00
      11052    441.000     0.6537     0.6542   2.974873   2.974291     2.1237      98.70     0.0249      0.215    7.02106    34.9287    34.9206    28.0107    1459.22    1468.13 0.0000e+00
      11077    442.000     0.6395     0.6397   2.973643   2.973033     2.1234      98.92     0.0239      0.230    7.02246    34.9281    34.9200    28.0111    1459.17    1468.11 0.0000e+00
      11101    443.000     0.6288     0.6293   2.972763   2.972185     2.1234      98.92     0.0268      0.245    7.03094    34.9281    34.9200    28.0118    1459.14    1468.09 0.0000e+00
      11124    444.000     0.6249     0.6253   2.972476   2.971877     2.1233      98.92     0.0241      0.214    7.02883    34.9282    34.9200    28.0121    1459.14    1468.06 0.0000e+00
      11146    445.000     0.6247     0.6251   2.972503   2.971908     2.1232      98.92     0.0215      0.214    7.03106    34.9282    34.9200    28.0121    1459.15    1468.04 0.0000e+00
      11168    446.000     0.6231     0.6236   2.972410   2.971805     2.1232      98.92     0.0196      0.225    7.03233    34.9282    34.9197    28.0122    1459.16    1468.02 0.0000e+00
      11191    447.000     0.6218     0.6218   2.972332   2.971705     2.1231      98.92     0.0250      0.206    7.03185    34.9280    34.9199    28.0122    1459.17    1468.00 0.0000e+00
      11216    448.000     0.6195     0.6198   2.972162   2.971552     2.1228      98.92     0.0729      0.217    7.02777    34.9278    34.9196    28.0121    1459.18    1467.99 0.0000e+00
      11244    449.000     0.6180     0.6160   2.972080   2.971273     2.1226      98.92     0.0473      0.212    7.03092    34.9279    34.9196    28.0123    1459.19    1467.97 0.0000e+00
      11270    450.000     0.6128     0.6130   2.971660   2.971045     2.1223      98.92     0.0323      0.248    7.02461    34.9277    34.9194    28.0124    1459.18    1467.95 0.0000e+00
      11294    451.000     0.6059     0.6061   2.971052   2.970434     2.1214      98.93     0.0252      0.235    7.01782    34.9269    34.9187    28.0123    1459.16    1467.93 0.0000e+00
      11316    452.000     0.5941     0.5945   2.970071   2.969485     2.1207      98.92     0.0245      0.219    7.01965    34.9268    34.9188    28.0129    1459.13    1467.91 0.0000e+00
      11338    453.000     0.5910     0.5917   2.969857   2.969278     2.1201      98.92     0.0275      0.219    7.02250    34.9269    34.9186    28.0132    1459.13    1467.89 0.0000e+00
      11362    454.000     0.5865     0.5871   2.969464   2.968882     2.1196      98.92     0.0322      0.221    7.02512    34.9263    34.9181    28.0130    1459.12    1467.87 0.0000e+00
      11387    455.000     0.5732     0.5736   2.968300   2.967690     2.1194      98.92     0.0286      0.214    7.03526    34.9255    34.9171    28.0131    1459.08    1467.85 0.0000e+00
      11413    456.000     0.5606     0.5617   2.967198   2.966672     2.1196      98.92     0.0265      0.236    7.04214    34.9248    34.9167    28.0133    1459.04    1467.83 0.0000e+00
      11438    457.000     0.5482     0.5482   2.966171   2.965527     2.1196      98.92     0.0256      0.216    7.03822    34.9248    34.9164    28.0141    1459.00    1467.81 0.0000e+00
      11462    458.000     0.5469     0.5447   2.966105   2.965273     2.1192      98.93     0.0247      0.220    7.03509    34.9248    34.9164    28.0141    1459.01    1467.79 0.0000e+00
      11484    459.000     0.5445     0.5449   2.965908   2.965317     2.1187      98.92     0.0249      0.242    7.03215    34.9243    34.9162    28.0139    1459.01    1467.77 0.0000e+00
      11507    460.000     0.5382     0.5384   2.965413   2.964770     2.1183      98.92     0.0235      0.204    7.02869    34.9244    34.9158    28.0144    1459.00    1467.75 0.0000e+00
      11531    461.000     0.5322     0.5298   2.964894   2.964035     2.1174      98.93     0.0209      0.236    7.02256    34.9238    34.9153    28.0142    1458.99    1467.73 0.0000e+00
      11555    462.000     0.5226     0.5244   2.964105   2.963629     2.1163      98.92     0.0181      0.223    7.01744    34.9237    34.9155    28.0148    1458.96    1467.71 0.0000e+00
      11580    463.000     0.5221     0.5237   2.964138   2.963639     2.1151      98.92     0.0225      0.201    7.01007    34.9241    34.9158    28.0151    1458.98    1467.69 0.0000e+00
      11605    464.000     0.5262     0.5309   2.964519   2.964277     2.1136      98.92     0.0252      0.201    6.99914    34.9239    34.9154    28.0147    1459.01    1467.68 0.0000e+00
      11630    465.000     0.5251     0.5255   2.964484   2.963891     2.1120      98.92     0.0218      0.222    6.99195    34.9241    34.9159    28.0149    1459.02    1467.66 0.0000e+00
      11655    466.000     0.5245     0.5260   2.964472   2.963959     2.1106      98.92     0.0193      0.320    6.99779    34.9240    34.9156    28.0149    1459.04    1467.64 0.0000e+00
      11680    467.000     0.5253     0.5252   2.964600   2.963945     2.1097      98.92     0.0208      0.236    6.99433    34.9242    34.9157    28.0150    1459.06    1467.62 0.0000e+00
      11704    468.000     0.5223     0.5230   2.964349   2.963794     2.1084      98.92     0.0190      0.205    6.98808    34.9237    34.9157    28.0148    1459.06    1467.60 0.0000e+00
      11729    469.000     0.5187     0.5170   2.964096   2.963303     2.1075      98.92     0.0170      0.235    6.98989    34.9238    34.9154    28.0151    1459.06    1467.58 0.0000e+00
      11753    470.000     0.5182     0.5194   2.964107   2.963562     2.1066      98.92     0.0205      0.238    6.99261    34.9240    34.9155    28.0153    1459.07    1467.57 0.0000e+00
      11775    471.000     0.5165     0.5175   2.963991   2.963451     2.1062      98.91     0.0204      0.223    6.99586    34.9238    34.9156    28.0152    1459.08    1467.55 0.0000e+00
      11797    472.000     0.5134     0.5144   2.963738   2.963195     2.1058      98.92     0.0199      0.206    6.99174    34.9234    34.9152    28.0151    1459.08    1467.53 0.0000e+00
      11820    473.000     0.5065     0.5069   2.963186   2.962575     2.1051      98.92     0.0219      0.205    6.98811    34.9234    34.9149    28.0155    1459.07    1467.51 0.0000e+00
      11846    474.000     0.5022     0.5026   2.962853   2.962249     2.1043      98.92     0.0242      0.312    6.99681    34.9233    34.9149    28.0157    1459.06    1467.49 0.0000e+00
      11872    475.000     0.4885     0.4873   2.961603   2.960857     2.1044      98.92     0.0219      0.248    7.00382    34.9218    34.9134    28.0153    1459.02    1467.48 0.0000e+00
      11897    476.000     0.4619     0.4604   2.959215   2.958431     2.1041      98.92     0.0226      0.197    7.00286    34.9200    34.9115    28.0155    1458.91    1467.46 0.0000e+00
      11920    477.000     0.4415     0.4417   2.957571   2.956928     2.1035      98.92     0.0227      0.197    6.99881    34.9209    34.9123    28.0174    1458.83    1467.44 0.0000e+00
      11943    478.000     0.4387     0.4386   2.957340   2.956683     2.1028      98.92     0.0297      0.200    6.99506    34.9205    34.9120    28.0172    1458.84    1467.42 0.0000e+00
      11966    479.000     0.4339     0.4339   2.956946   2.956295     2.1018      98.92     0.0241      0.199    6.98937    34.9202    34.9117    28.0173    1458.83    1467.40 0.0000e+00
      11991    480.000     0.4245     0.4249   2.956119   2.955505     2.1008      98.92     0.0237      0.194    6.98636    34.9194    34.9109    28.0172    1458.80    1467.38 0.0000e+00
      12016    481.000     0.4113     0.4106   2.954938   2.954211     2.0994      98.92     0.0224      0.213    6.97507    34.9182    34.9095    28.0170    1458.76    1467.37 0.0000e+00
      12039    482.000     0.3778     0.3761   2.951951   2.951165     2.0979      98.92     0.0225      0.212    6.97406    34.9163    34.9080    28.0175    1458.62    1467.35 0.0000e+00
      12062    483.000     0.3563     0.3545   2.950022   2.949210     2.0962      98.92     0.0308      0.252    6.96764    34.9147    34.9061    28.0175    1458.54    1467.33 0.0000e+00
      12085    484.000     0.3361     0.3365   2.948346   2.947720     2.0941      98.92     0.0269      0.205    6.94799    34.9150    34.9063    28.0189    1458.46    1467.31 0.0000e+00
      12110    485.000     0.3308     0.3299   2.947963   2.947447     2.0911      98.91     0.0207      0.187    6.93178    34.9154    34.9096    28.0195    1458.45    1467.29 0.0000e+00
      12136    486.000     0.3327     0.3321   2.948175   2.948358     2.0877      98.91     0.0169      0.195    6.90506    34.9154    34.9185    28.0194    1458.48    1467.28 0.0000e+00
      12161    487.000     0.3332     0.3390   2.948252   2.948732     2.0838      98.91     0.0192      0.196    6.88741    34.9153    34.9150    28.0193    1458.50    1467.26 0.0000e+00
      12185    488.000     0.3322     0.3441   2.948220   2.948983     2.0803      98.91     0.0205      0.189    6.87478    34.9154    34.9120    28.0194    1458.51    1467.24 0.0000e+00
      12208    489.000     0.3303     0.3467   2.948075   2.949163     2.0769      98.91     0.0189      0.179    6.86590    34.9150    34.9108    28.0192    1458.52    1467.22 0.0000e+00
      12233    490.000     0.3202     0.3485   2.947268   2.949404     2.0737      98.90     0.0192      0.187    6.85977    34.9153    34.9113    28.0200    1458.49    1467.20 0.0000e+00
      12258    491.000     0.3165     0.3501   2.946959   2.949670     2.0709      98.91     0.0206      0.197    6.86167    34.9148    34.9124    28.0199    1458.49    1467.19 0.0000e+00
      12282    492.000     0.3053     0.3519   2.946035   2.949831     2.0688      98.91     0.0172      0.200    6.86346    34.9148    34.9119    28.0205    1458.45    1467.17 0.0000e+00
      12304    493.000     0.3028     0.3543   2.945866   2.950025     2.0672      98.90     0.0171      0.202    6.86422    34.9148    34.9111    28.0206    1458.46    1467.15 0.0000e+00
      12326    494.000     0.2991     0.3563   2.945585   2.950248     2.0657      98.91     0.0157      0.189    6.85734    34.9147    34.9112    28.0208    1458.46    1467.13 0.0000e+00
      12349    495.000     0.2841     0.3496   2.944257   2.949853     2.0640      98.91     0.0187      0.216    6.86045    34.9136    34.9130    28.0208    1458.40    1467.11 0.0000e+00
      12376    496.000     0.2783     0.2790   2.943833   2.943251     2.0630      98.92     0.0208      0.302    6.86231    34.9140    34.9056    28.0214    1458.39    1467.10 0.0000e+00
      12402    497.000     0.2593     0.2602   2.942171   2.941608     2.0614      98.93     0.0179      0.188    6.85758    34.9131    34.9047    28.0217    1458.32    1467.08 0.0000e+00
      12427    498.000     0.2383     0.2386   2.940379   2.940577     2.0601      98.91     0.0170      0.184    6.85434    34.9127    34.9149    28.0226    1458.24    1467.06 0.0000e+00
      12450    499.000     0.2209     0.2313   2.938972   2.941479     2.0585      98.90     0.0179      0.180    6.84564    34.9133    34.9345    28.0241    1458.18    1467.04 0.0000e+00
      12472    500.000     0.2116     0.2498   2.938191   2.942020     2.0570      98.91     0.0160      0.259    6.84400    34.9129    34.9201    28.0244    1458.15    1467.03 0.0000e+00
      12495    501.000     0.1889     0.2599   2.936235   2.942469     2.0556      98.91     0.0166      0.438    6.84823    34.9123    34.9139    28.0251    1458.06    1467.01 0.0000e+00
      12519    502.000     0.1760     0.2650   2.935191   2.942845     2.0544      98.91     0.0159      0.184    6.85427    34.9126    34.9125    28.0261    1458.02    1466.99 0.0000e+00
      12545    503.000     0.1587     0.2683   2.933661   2.943115     2.0535      98.91     0.0179      0.202    6.85595    34.9114    34.9117    28.0261    1457.96    1466.97 0.0000e+00
      12568    504.000     0.1068     0.2712   2.929112   2.943385     2.0526      98.91     0.0191      0.177    6.86405    34.9097    34.9114    28.0276    1457.73    1466.95 0.0000e+00
      12591    505.000     0.0822     0.2732   2.927206   2.943655     2.0519      98.91     0.0183      0.176    6.86807    34.9118    34.9121    28.0307    1457.64    1466.93 0.0000e+00
      12615    506.000     0.0811     0.2765   2.927152   2.943979     2.0511      98.91     0.0179      0.176    6.86863    34.9118    34.9120    28.0307    1457.65    1466.92 0.0000e+00
      12640    507.000     0.0821     0.2793   2.927270   2.944323     2.0506      98.91     0.0215      0.174    6.87335    34.9116    34.9128    28.0305    1457.67    1466.90 0.0000e+00
      12665    508.000     0.0805     0.2823   2.927186   2.944699     2.0505      98.91     0.0223      0.175    6.88342    34.9117    34.9138    28.0307    1457.68    1466.88 0.0000e+00
      12690    509.000     0.0808     0.2858   2.927262   2.945035     2.0510      98.91     0.0202      0.180    6.89140    34.9118    34.9136    28.0307    1457.70    1466.86 0.0000e+00
      12714    510.000     0.0804     0.2895   2.927286   2.945247     2.0509      98.91     0.0156      0.177    6.87879    34.9119    34.9116    28.0309    1457.71    1466.84 0.0000e+00
      12737    511.000     0.0790     0.2915   2.927212   2.945305     2.0507      98.91     0.0168      0.180    6.88029    34.9120    34.9095    28.0310    1457.72    1466.83 0.0000e+00
      12759    512.000     0.0765     0.2930   2.927051   2.945231     2.0504      98.91     0.0174      0.198    6.87835    34.9121    34.9063    28.0312    1457.73    1466.81 0.0000e+00
