Physical_Data/CTD_Data/Example_Data/sta0473.cnv
* Sea-Bird SBE 9 Data File:
* FileName = C:\Seabird\CTDData\sta0473.hex
* Software Version Seasave V 7.21f
* Temperature SN = 4340
* Conductivity SN = 3012
* Number of Bytes Per Scan = 34
* Number of Voltage Words = 3
* Number of Scans Averaged by the Deck Unit = 1
* NMEA Latitude = 73 48.12 N
* NMEA Longitude = 007 34.34 E
* NMEA UTC (Time) = Jun 22 2016 04:03:40
* NMEA baud rate = 4800
** Ship: 10 F/F "G. O. Sars"
** Station: 0473
** Echodepth: 1241
** Log: 7733.689
** Wind-Dir Force: 20 07
** Air-temp (dry): 4.3
** Weather Sky: 2 5
** Sea Ice: 3 0
** Par light: 451
# nquan = 17                                
# nvalues = 1240                        
# units = specified
# name 0 = scan: Scan Count
# name 1 = prDM: Pressure, Digiquartz [db]
# name 2 = t068C: Temperature [ITS-68, deg C]
# name 3 = t168C: Temperature, 2 [ITS-68, deg C]
# name 4 = c0S/m: Conductivity [S/m]
# name 5 = c1S/m: Conductivity, 2 [S/m]
# name 6 = sbeox0V: Oxygen raw, SBE 43 [V]
# name 7 = altM: Altimeter [m]
# name 8 = flC: Fluorescence, Chelsea Aqua 3 Chl Con [ug/l]
# name 9 = seaTurbMtr: Turbidity, Seapoint [FTU]
# name 10 = sbeox0ML/L: Oxygen, SBE 43 [ml/l], WS = 2
# name 11 = sal00: Salinity, Practical [PSU]
# name 12 = sal11: Salinity, Practical, 2 [PSU]
# name 13 = sigma-t00: Density [sigma-t, Kg/m^3 ]
# name 14 = svCM: Sound Velocity [Chen-Millero, m/s]
# name 15 = avgsvCM: Average Sound Velocity [Chen-Millero, m/s], minP = 1, minS = 5
# name 16 = flag: flag
# span 0 =        733,      32537       
# span 1 =      4.000,   1243.000       
# span 2 =    -0.6263,     6.6014       
# span 3 =    -0.6276,     6.6047       
# span 4 =   2.895265,   3.503527       
# span 5 =   2.896936,   3.503235       
# span 6 =     1.8367,     2.5741       
# span 7 =       8.31,      99.63       
# span 8 =     0.0063,     1.1930       
# span 9 =      0.150,      3.608       
# span 10 =    6.57988,    7.35348      
# span 11 =    34.9097,    35.1320      
# span 12 =    34.8963,    35.1249      
# span 13 =    27.5772,    28.0659      
# span 14 =    1458.55,    1477.33      
# span 15 =    1463.90,    1477.33      
# span 16 = 0.0000e+00, 0.0000e+00      
# interval = decibars: 1                
# start_time = Jun 22 2016 04:03:42 [System UTC, header]
# bad_flag = -9.990e-29
*END*
        733      4.000     6.6014     6.6047   3.503527   3.503235     2.5741      98.63     1.0002      2.866    7.21914    35.1311    35.1244    27.5772    1477.33    1477.33 0.0000e+00
        786      5.000     6.5737     6.5747   3.501103   3.500554     2.5721      98.65     1.0133      2.961    7.21245    35.1320    35.1249    27.5817    1477.24    1477.32 0.0000e+00
        809      6.000     6.5402     6.5455   3.497909   3.497741     2.5707      98.65     1.0346      2.991    7.21942    35.1303    35.1230    27.5849    1477.13    1477.28 0.0000e+00
        832      7.000     6.3752     6.3799   3.482723   3.482314     2.5698      98.66     1.0658      3.050    7.24921    35.1300    35.1205    27.6066    1476.50    1477.17 0.0000e+00
        855      8.000     6.3224     6.3223   3.478074   3.477392     2.5686      98.66     1.1197      3.171    7.25071    35.1318    35.1242    27.6151    1476.31    1477.06 0.0000e+00
        880      9.000     6.2673     6.2684   3.472790   3.472160     2.5671      98.66     1.1825      3.608    7.25879    35.1289    35.1206    27.6200    1476.10    1476.96 0.0000e+00
        905     10.000     6.1601     6.1623   3.462741   3.462138     2.5663      98.68     1.1930      2.831    7.27900    35.1261    35.1170    27.6319    1475.70    1476.83 0.0000e+00
        929     11.000     6.0961     6.0960   3.456873   3.456163     2.5651      98.68     1.1843      2.888    7.27433    35.1257    35.1178    27.6399    1475.46    1476.71 0.0000e+00
        953     12.000     6.0164     6.0175   3.449379   3.448699     2.5619      98.69     1.1924      2.636    7.25885    35.1231    35.1143    27.6482    1475.16    1476.58 0.0000e+00
        978     13.000     5.9653     5.9652   3.444806   3.444102     2.5574      98.70     1.1457      2.527    7.24460    35.1239    35.1160    27.6553    1474.97    1476.45 0.0000e+00
       1004     14.000     5.9365     5.9372   3.442244   3.441640     2.5522      98.71     1.1118      2.506    7.22783    35.1243    35.1167    27.6593    1474.87    1476.34 0.0000e+00
       1029     15.000     5.8594     5.8611   3.435044   3.434461     2.5468      98.72     1.0470      2.351    7.21886    35.1222    35.1138    27.6675    1474.58    1476.22 0.0000e+00
       1053     16.000     5.8091     5.8089   3.430389   3.429727     2.5414      96.04     0.9889      2.544    7.19658    35.1211    35.1138    27.6730    1474.40    1476.11 0.0000e+00
       1076     17.000     5.7895     5.7887   3.428559   3.427840     2.5340      84.97     0.9930      2.415    7.16894    35.1202    35.1128    27.6748    1474.33    1476.00 0.0000e+00
       1099     18.000     5.7695     5.7686   3.426667   3.425990     2.5280      98.79     0.9896      2.567    7.16730    35.1190    35.1122    27.6763    1474.27    1475.91 0.0000e+00
       1122     19.000     5.7513     5.7514   3.424994   3.424409     2.5236      98.75     0.9941      2.712    7.18970    35.1184    35.1116    27.6781    1474.21    1475.82 0.0000e+00
       1147     20.000     5.7215     5.7220   3.422164   3.421595     2.5231      98.76     1.0112      2.604    7.23927    35.1166    35.1096    27.6805    1474.11    1475.73 0.0000e+00
       1172     21.000     5.6664     5.6660   3.417062   3.416423     2.5261      98.78     1.0353      2.615    7.28961    35.1154    35.1085    27.6864    1473.90    1475.65 0.0000e+00
       1197     22.000     5.6406     5.6403   3.414720   3.414109     2.5310      98.79     1.0603      2.695    7.32721    35.1150    35.1084    27.6893    1473.82    1475.56 0.0000e+00
       1221     23.000     5.6270     5.6266   3.413559   3.412967     2.5359      98.79     1.1024      2.515    7.33933    35.1155    35.1091    27.6914    1473.78    1475.48 0.0000e+00
       1246     24.000     5.6218     5.6213   3.413143   3.412528     2.5402      98.80     1.1118      2.652    7.35348    35.1156    35.1091    27.6921    1473.77    1475.41 0.0000e+00
       1272     25.000     5.6139     5.6137   3.412481   3.411915     2.5441      98.80     1.0890      2.461    7.35161    35.1158    35.1095    27.6932    1473.76    1475.35 0.0000e+00
       1297     26.000     5.5853     5.5868   3.409820   3.409380     2.5454      98.81     1.0467      2.529    7.35075    35.1147    35.1081    27.6959    1473.66    1475.28 0.0000e+00
       1320     27.000     5.5453     5.5468   3.406278   3.405874     2.5469      98.81     1.0184      2.481    7.35275    35.1154    35.1092    27.7015    1473.52    1475.22 0.0000e+00
       1343     28.000     5.5298     5.5318   3.404914   3.404539     2.5459      98.82     0.9769      2.519    7.32814    35.1155    35.1091    27.7034    1473.47    1475.15 0.0000e+00
       1367     29.000     5.5134     5.5109   3.403412   3.402628     2.5435      98.83     0.9362      2.386    7.30785    35.1149    35.1085    27.7050    1473.42    1475.09 0.0000e+00
       1392     30.000     5.4869     5.4870   3.401066   3.400526     2.5393      98.83     0.9037      2.314    7.28262    35.1152    35.1089    27.7085    1473.33    1475.04 0.0000e+00
       1417     31.000     5.4626     5.4620   3.398901   3.398310     2.5341      97.14     0.8756      2.329    7.26587    35.1153    35.1091    27.7115    1473.25    1474.98 0.0000e+00
       1442     32.000     5.4537     5.4532   3.398174   3.397604     2.5295      97.24     0.8240      2.567    7.25638    35.1157    35.1097    27.7129    1473.23    1474.92 0.0000e+00
       1466     33.000     5.4522     5.4518   3.398080   3.397537     2.5248      98.82     0.7861      2.454    7.23456    35.1157    35.1099    27.7131    1473.24    1474.87 0.0000e+00
       1490     34.000     5.4444     5.4442   3.397396   3.396860     2.5197      98.84     0.7668      2.619    7.21616    35.1155    35.1095    27.7139    1473.23    1474.82 0.0000e+00
       1514     35.000     5.4314     5.4313   3.396275   3.395729     2.5149      98.84     0.7419      2.153    7.21112    35.1157    35.1095    27.7156    1473.19    1474.78 0.0000e+00
       1538     36.000     5.4151     5.4147   3.394850   3.394300     2.5108      98.85     0.6813      2.010    7.20207    35.1159    35.1100    27.7178    1473.14    1474.73 0.0000e+00
       1561     37.000     5.4106     5.4101   3.394501   3.393946     2.5068      98.85     0.6024      2.065    7.19224    35.1160    35.1102    27.7184    1473.14    1474.69 0.0000e+00
       1585     38.000     5.4089     5.4085   3.394395   3.393856     2.5031      98.85     0.5486      1.895    7.17855    35.1161    35.1103    27.7187    1473.15    1474.65 0.0000e+00
       1609     39.000     5.4068     5.4064   3.394251   3.393721     2.4986      98.85     0.5107      1.904    7.15349    35.1161    35.1104    27.7189    1473.16    1474.61 0.0000e+00
       1633     40.000     5.4060     5.4056   3.394233   3.393699     2.4934      98.85     0.4878      1.913    7.13387    35.1162    35.1105    27.7191    1473.17    1474.57 0.0000e+00
       1657     41.000     5.4057     5.4052   3.394257   3.393718     2.4886      98.85     0.4731      1.829    7.11903    35.1162    35.1106    27.7192    1473.19    1474.54 0.0000e+00
       1681     42.000     5.4050     5.4048   3.394244   3.393715     2.4835      98.47     0.4534      2.095    7.09469    35.1163    35.1104    27.7193    1473.20    1474.51 0.0000e+00
       1706     43.000     5.4022     5.4019   3.394017   3.393500     2.4778      37.59     0.4549      1.800    7.09168    35.1161    35.1105    27.7195    1473.21    1474.48 0.0000e+00
       1730     44.000     5.3983     5.3980   3.393726   3.393188     2.4747      97.80     0.4503      1.895    7.09323    35.1163    35.1104    27.7202    1473.21    1474.45 0.0000e+00
       1754     45.000     5.3962     5.3961   3.393568   3.393054     2.4715      98.85     0.4402      1.973    7.08415    35.1162    35.1104    27.7203    1473.21    1474.42 0.0000e+00
       1778     46.000     5.3927     5.3925   3.393289   3.392751     2.4685      98.86     0.4287      1.783    7.08647    35.1161    35.1101    27.7207    1473.22    1474.40 0.0000e+00
       1802     47.000     5.3905     5.3902   3.393124   3.392593     2.4675      98.86     0.4183      1.863    7.09876    35.1160    35.1102    27.7208    1473.22    1474.37 0.0000e+00
       1826     48.000     5.3883     5.3880   3.392962   3.392418     2.4666      98.86     0.4163      1.804    7.09234    35.1159    35.1099    27.7210    1473.23    1474.35 0.0000e+00
       1850     49.000     5.3847     5.3845   3.392653   3.392127     2.4651      98.87     0.4112      1.802    7.08330    35.1156    35.1097    27.7212    1473.23    1474.32 0.0000e+00
       1873     50.000     5.3765     5.3763   3.391942   3.391398     2.4636      98.87     0.4028      1.787    7.08534    35.1155    35.1094    27.7221    1473.22    1474.30 0.0000e+00
       1897     51.000     5.3735     5.3733   3.391716   3.391165     2.4628      98.87     0.4013      1.732    7.09083    35.1155    35.1094    27.7225    1473.22    1474.28 0.0000e+00
       1922     52.000     5.3703     5.3699   3.391453   3.390902     2.4622      98.87     0.3998      1.721    7.08918    35.1153    35.1094    27.7228    1473.22    1474.26 0.0000e+00
       1946     53.000     5.3683     5.3680   3.391315   3.390759     2.4616      98.87     0.3927      1.828    7.08822    35.1153    35.1092    27.7230    1473.23    1474.24 0.0000e+00
       1972     54.000     5.3655     5.3652   3.391088   3.390540     2.4604      98.87     0.3895      1.692    7.07777    35.1151    35.1091    27.7232    1473.24    1474.22 0.0000e+00
       1996     55.000     5.3635     5.3632   3.390954   3.390407     2.4593      98.87     0.3835      1.682    7.07884    35.1151    35.1091    27.7234    1473.25    1474.20 0.0000e+00
       2020     56.000     5.3574     5.3570   3.390416   3.389850     2.4582      98.87     0.3866      1.758    7.06925    35.1148    35.1087    27.7239    1473.24    1474.19 0.0000e+00
       2044     57.000     5.3492     5.3488   3.389716   3.389150     2.4560      97.46     0.3883      1.742    7.05205    35.1148    35.1087    27.7249    1473.22    1474.17 0.0000e+00
       2068     58.000     5.3441     5.3442   3.389284   3.388769     2.4535      65.19     0.4070      1.746    7.06053    35.1146    35.1086    27.7254    1473.22    1474.15 0.0000e+00
       2093     59.000     5.3382     5.3380   3.388781   3.388219     2.4531      98.74     0.4125      1.770    7.06856    35.1145    35.1082    27.7260    1473.21    1474.14 0.0000e+00
       2118     60.000     5.3334     5.3331   3.388392   3.387826     2.4520      98.88     0.4253      1.943    7.06185    35.1145    35.1083    27.7266    1473.21    1474.12 0.0000e+00
       2143     61.000     5.3287     5.3284   3.387987   3.387426     2.4509      98.87     0.4455      1.750    7.05555    35.1143    35.1081    27.7270    1473.20    1474.11 0.0000e+00
       2167     62.000     5.3192     5.3189   3.387111   3.386536     2.4495      98.88     0.4627      1.753    7.06515    35.1136    35.1073    27.7276    1473.18    1474.09 0.0000e+00
       2189     63.000     5.3018     5.3014   3.385563   3.384973     2.4498      98.88     0.4743      1.664    7.07713    35.1135    35.1071    27.7296    1473.13    1474.08 0.0000e+00
       2212     64.000     5.2872     5.2865   3.384258   3.383654     2.4502      98.88     0.4612      1.576    7.09170    35.1133    35.1070    27.7312    1473.08    1474.06 0.0000e+00
       2236     65.000     5.2781     5.2776   3.383498   3.382908     2.4515      98.87     0.4323      1.672    7.09638    35.1135    35.1072    27.7325    1473.06    1474.05 0.0000e+00
       2261     66.000     5.2677     5.2664   3.382544   3.381874     2.4518      98.88     0.4004      1.541    7.08537    35.1129    35.1065    27.7333    1473.04    1474.03 0.0000e+00
       2286     67.000     5.2569     5.2571   3.381619   3.381091     2.4506      98.88     0.3778      1.475    7.06925    35.1131    35.1068    27.7347    1473.01    1474.02 0.0000e+00
       2310     68.000     5.2538     5.2532   3.381443   3.380845     2.4484      98.88     0.3607      1.480    7.05245    35.1137    35.1075    27.7356    1473.01    1474.00 0.0000e+00
       2334     69.000     5.2468     5.2468   3.380790   3.380259     2.4457      98.88     0.3384      1.440    7.03850    35.1130    35.1069    27.7359    1473.00    1473.99 0.0000e+00
       2359     70.000     5.2315     5.2314   3.379356   3.378804     2.4426      98.88     0.3239      1.475    7.03649    35.1120    35.1058    27.7369    1472.96    1473.97 0.0000e+00
       2384     71.000     5.2244     5.2243   3.378766   3.378198     2.4400      98.89     0.3232      1.478    7.03304    35.1121    35.1057    27.7378    1472.94    1473.96 0.0000e+00
       2408     72.000     5.2210     5.2207   3.378576   3.378007     2.4380      94.69     0.3227      1.408    7.03431    35.1130    35.1067    27.7389    1472.95    1473.94 0.0000e+00
       2431     73.000     5.2266     5.2264   3.379294   3.378716     2.4369      85.56     0.3178      1.399    7.04191    35.1149    35.1084    27.7397    1472.99    1473.93 0.0000e+00
       2454     74.000     5.2206     5.2206   3.378833   3.378272     2.4363      98.65     0.2969      1.357    7.03592    35.1153    35.1088    27.7408    1472.98    1473.92 0.0000e+00
       2479     75.000     5.2038     5.2036   3.377359   3.376780     2.4347      98.89     0.2705      1.298    7.02374    35.1154    35.1089    27.7429    1472.93    1473.90 0.0000e+00
       2504     76.000     5.1931     5.1928   3.376470   3.375870     2.4323      98.89     0.2548      1.244    7.00916    35.1159    35.1093    27.7445    1472.90    1473.89 0.0000e+00
       2527     77.000     5.1904     5.1896   3.376258   3.375623     2.4290      98.89     0.2436      1.231    6.98380    35.1157    35.1092    27.7447    1472.91    1473.88 0.0000e+00
       2550     78.000     5.1865     5.1861   3.375912   3.375309     2.4248      98.89     0.2348      1.444    6.96809    35.1153    35.1087    27.7449    1472.91    1473.87 0.0000e+00
       2573     79.000     5.1525     5.1528   3.372833   3.372272     2.4214      98.89     0.2349      1.308    6.97116    35.1149    35.1081    27.7486    1472.79    1473.85 0.0000e+00
       2596     80.000     5.1330     5.1330   3.371168   3.370590     2.4183      98.88     0.2251      1.120    6.97046    35.1157    35.1090    27.7515    1472.73    1473.84 0.0000e+00
       2621     81.000     5.1158     5.1154   3.369650   3.369032     2.4157      98.88     0.2175      1.174    6.96992    35.1157    35.1089    27.7536    1472.67    1473.82 0.0000e+00
       2646     82.000     5.0896     5.0909   3.367262   3.366794     2.4131      98.89     0.2108      1.111    6.95986    35.1151    35.1083    27.7562    1472.58    1473.81 0.0000e+00
       2670     83.000     5.0593     5.0586   3.364597   3.363933     2.4097      98.89     0.1979      1.097    6.94638    35.1156    35.1086    27.7601    1472.48    1473.79 0.0000e+00
       2693     84.000     5.0280     5.0278   3.361771   3.361169     2.4063      98.89     0.1857      1.179    6.94136    35.1152    35.1085    27.7636    1472.37    1473.78 0.0000e+00
       2717     85.000     5.0082     5.0088   3.360003   3.359479     2.4029      98.89     0.1712      0.922    6.93007    35.1151    35.1083    27.7658    1472.30    1473.76 0.0000e+00
       2741     86.000     4.9816     4.9815   3.357697   3.357087     2.3987      98.89     0.1608      1.005    6.90876    35.1158    35.1088    27.7695    1472.21    1473.74 0.0000e+00
       2767     87.000     4.9608     4.9632   3.355831   3.355448     2.3934      96.18     0.1495      0.805    6.88371    35.1155    35.1086    27.7717    1472.14    1473.72 0.0000e+00
       2791     88.000     4.9393     4.9411   3.353925   3.353503     2.3879      88.90     0.1387      0.828    6.88350    35.1155    35.1087    27.7742    1472.07    1473.70 0.0000e+00
