Physical_Data/CTD_Data/Example_Data/sta0472.cnv
* Sea-Bird SBE 9 Data File:
* FileName = C:\Seabird\CTDData\sta0472.hex
* Software Version Seasave V 7.21f
* Temperature SN = 4340
* Conductivity SN = 3012
* Number of Bytes Per Scan = 34
* Number of Voltage Words = 3
* Number of Scans Averaged by the Deck Unit = 1
* NMEA Latitude = 73 38.90 N
* NMEA Longitude = 007 52.73 E
* NMEA UTC (Time) = Jun 20 2016 07:58:48
* NMEA baud rate = 4800
** Ship: 10 F/F "G. O. Sars"
** Station: 0472
** Echodepth: 2462
** Log: 7650.124
** Wind-Dir Force: 23 12
** Air-temp (dry): 4.9
** Weather Sky: 2 5
** Sea Ice: 3 0
** Par light: 451
# nquan = 17                                
# nvalues = 2477                        
# units = specified
# name 0 = scan: Scan Count
# name 1 = prDM: Pressure, Digiquartz [db]
# name 2 = t068C: Temperature [ITS-68, deg C]
# name 3 = t168C: Temperature, 2 [ITS-68, deg C]
# name 4 = c0S/m: Conductivity [S/m]
# name 5 = c1S/m: Conductivity, 2 [S/m]
# name 6 = sbeox0V: Oxygen raw, SBE 43 [V]
# name 7 = altM: Altimeter [m]
# name 8 = flC: Fluorescence, Chelsea Aqua 3 Chl Con [ug/l]
# name 9 = seaTurbMtr: Turbidity, Seapoint [FTU]
# name 10 = sbeox0ML/L: Oxygen, SBE 43 [ml/l], WS = 2
# name 11 = sal00: Salinity, Practical [PSU]
# name 12 = sal11: Salinity, Practical, 2 [PSU]
# name 13 = sigma-t00: Density [sigma-t, Kg/m^3 ]
# name 14 = svCM: Sound Velocity [Chen-Millero, m/s]
# name 15 = avgsvCM: Average Sound Velocity [Chen-Millero, m/s], minP = 1, minS = 5
# name 16 = flag: flag
# span 0 =       1177,      72497       
# span 1 =      5.000,   2481.000       
# span 2 =    -0.7408,     6.2360       
# span 3 =    -0.7346,     6.2377       
# span 4 =   2.906807,   3.469960       
# span 5 =   2.908457,   3.469538       
# span 6 =     1.6192,     2.4902       
# span 7 =      10.89,      99.90       
# span 8 =     0.0073,     1.0414       
# span 9 =      0.135,      3.417       
# span 10 =    4.74118,    7.73389      
# span 11 =    34.9093,    35.1315      
# span 12 =    34.8953,    35.1251      
# span 13 =    27.6262,    28.0745      
# span 14 =    1460.15,    1486.92      
# span 15 =    1465.40,    1475.98      
# span 16 = 0.0000e+00, 0.0000e+00      
# interval = decibars: 1                
# start_time = Jun 20 2016 07:58:50 [System UTC, header]
# bad_flag = -9.990e-29
*END*
[from data line 341]
       9410    346.000     3.1742     3.1737   3.201447   3.200748     2.1824      98.91     0.0148      0.270    6.68492    35.0496    35.0417    27.9085    1468.88    1471.91 0.0000e+00
       9434    347.000     3.1566     3.1564   3.199845   3.199155     2.1814      98.91     0.0144      0.290    6.67702    35.0486    35.0405    27.9094    1468.82    1471.91 0.0000e+00
       9459    348.000     3.1366     3.1359   3.198041   3.197327     2.1804      98.91     0.0149      0.261    6.67806    35.0478    35.0399    27.9106    1468.75    1471.90 0.0000e+00
       9482    349.000     3.1201     3.1196   3.196555   3.195866     2.1792      98.91     0.0147      0.300    6.67669    35.0470    35.0392    27.9115    1468.69    1471.89 0.0000e+00
       9504    350.000     3.1128     3.1123   3.195950   3.195263     2.1785      98.91     0.0170      0.293    6.68563    35.0470    35.0392    27.9122    1468.68    1471.88 0.0000e+00
       9527    351.000     3.1051     3.1047   3.195274   3.194602     2.1782      98.91     0.0151      0.294    6.68502    35.0466    35.0388    27.9126    1468.66    1471.87 0.0000e+00
       9551    352.000     3.0899     3.0915   3.193890   3.193390     2.1774      98.91     0.0121      0.274    6.67776    35.0456    35.0378    27.9133    1468.61    1471.86 0.0000e+00
       9576    353.000     3.0745     3.0736   3.192531   3.191816     2.1762      98.91     0.0122      0.293    6.68027    35.0452    35.0375    27.9144    1468.56    1471.85 0.0000e+00
       9600    354.000     3.0673     3.0681   3.191903   3.191349     2.1755      98.91     0.0135      0.291    6.68113    35.0448    35.0372    27.9147    1468.55    1471.84 0.0000e+00
       9624    355.000     3.0550     3.0553   3.190744   3.190122     2.1749      98.91     0.0144      0.272    6.68590    35.0435    35.0356    27.9148    1468.51    1471.83 0.0000e+00
       9646    356.000     3.0253     3.0248   3.188033   3.187342     2.1745      98.91     0.0155      0.310    6.69015    35.0421    35.0342    27.9165    1468.40    1471.82 0.0000e+00
       9670    357.000     3.0041     3.0038   3.186117   3.185437     2.1740      98.91     0.0147      0.326    6.69758    35.0411    35.0332    27.9177    1468.32    1471.81 0.0000e+00
       9694    358.000     2.9805     2.9801   3.183905   3.183220     2.1740      98.91     0.0137      0.276    6.70010    35.0392    35.0313    27.9183    1468.23    1471.80 0.0000e+00
       9719    359.000     2.9556     2.9554   3.181631   3.180951     2.1731      83.54     0.0171      0.252    6.69977    35.0379    35.0298    27.9196    1468.14    1471.79 0.0000e+00
       9743    360.000     2.9180     2.9179   3.178115   3.177435     2.1735      93.36     0.0225      0.255    6.71700    35.0352    35.0270    27.9209    1467.99    1471.78 0.0000e+00
       9767    361.000     2.8952     2.8948   3.176079   3.175395     2.1724      98.93     0.0169      0.271    6.69501    35.0345    35.0265    27.9224    1467.91    1471.77 0.0000e+00
       9790    362.000     2.8861     2.8868   3.175289   3.174726     2.1711      98.91     0.0133      0.268    6.69492    35.0341    35.0265    27.9230    1467.89    1471.76 0.0000e+00
       9815    363.000     2.8831     2.8832   3.175044   3.174424     2.1695      71.27     0.0125      0.273    6.69105    35.0338    35.0261    27.9230    1467.89    1471.75 0.0000e+00
       9841    364.000     2.8632     2.8620   3.173195   3.172435     2.1689      78.17     0.0092      0.307    6.70964    35.0323    35.0243    27.9236    1467.82    1471.74 0.0000e+00
       9865    365.000     2.8514     2.8509   3.172197   3.171514     2.1688      99.12     0.0117      0.259    6.71349    35.0323    35.0245    27.9247    1467.79    1471.73 0.0000e+00
       9888    366.000     2.8448     2.8444   3.171612   3.170939     2.1688      98.91     0.0139      0.273    6.71606    35.0318    35.0240    27.9249    1467.77    1471.72 0.0000e+00
       9911    367.000     2.8359     2.8346   3.170806   3.170053     2.1686      98.91     0.0147      0.297    6.70447    35.0310    35.0232    27.9251    1467.75    1471.71 0.0000e+00
       9935    368.000     2.8289     2.8282   3.170237   3.169540     2.1669      98.91     0.0130      0.264    6.69249    35.0311    35.0233    27.9258    1467.74    1471.69 0.0000e+00
       9961    369.000     2.8282     2.8275   3.170215   3.169539     2.1659      98.91     0.0150      0.251    6.69637    35.0310    35.0235    27.9258    1467.75    1471.68 0.0000e+00
       9984    370.000     2.8261     2.8259   3.170059   3.169420     2.1651      98.91     0.0164      0.252    6.70174    35.0308    35.0232    27.9258    1467.76    1471.67 0.0000e+00
      10007    371.000     2.8125     2.8120   3.168768   3.168082     2.1648      98.92     0.0176      0.268    6.70064    35.0293    35.0214    27.9258    1467.71    1471.66 0.0000e+00
      10030    372.000     2.7873     2.7861   3.166511   3.165765     2.1638      98.91     0.0177      0.258    6.69421    35.0284    35.0206    27.9274    1467.62    1471.65 0.0000e+00
      10053    373.000     2.7737     2.7713   3.165252   3.164393     2.1627      98.92     0.0160      0.265    6.69827    35.0272    35.0193    27.9277    1467.58    1471.64 0.0000e+00
      10077    374.000     2.7517     2.7508   3.163220   3.162497     2.1620      98.91     0.0167      0.277    6.70283    35.0256    35.0177    27.9284    1467.50    1471.63 0.0000e+00
      10100    375.000     2.7316     2.7312   3.161448   3.160781     2.1615      98.91     0.0174      0.314    6.70821    35.0252    35.0174    27.9298    1467.43    1471.62 0.0000e+00
      10124    376.000     2.7287     2.7285   3.161218   3.160575     2.1608      98.91     0.0181      0.293    6.70292    35.0250    35.0173    27.9299    1467.43    1471.61 0.0000e+00
      10148    377.000     2.7093     2.7082   3.159360   3.158625     2.1600      98.91     0.0201      0.271    6.70106    35.0227    35.0149    27.9298    1467.36    1471.60 0.0000e+00
      10170    378.000     2.6831     2.6821   3.156985   3.156239     2.1591      98.91     0.0183      0.259    6.70644    35.0215    35.0134    27.9312    1467.26    1471.58 0.0000e+00
      10193    379.000     2.6517     2.6509   3.154149   3.153441     2.1584      98.91     0.0144      0.254    6.70104    35.0202    35.0124    27.9330    1467.14    1471.57 0.0000e+00
      10217    380.000     2.6251     2.6250   3.151701   3.151036     2.1566      98.92     0.0136      0.353    6.68902    35.0185    35.0104    27.9339    1467.04    1471.56 0.0000e+00
      10241    381.000     2.6047     2.6002   3.149866   3.148812     2.1547      98.91     0.0143      0.250    6.69752    35.0176    35.0095    27.9350    1466.97    1471.55 0.0000e+00
      10264    382.000     2.5940     2.5927   3.148935   3.148224     2.1540      98.91     0.0144      0.249    6.71166    35.0172    35.0099    27.9357    1466.94    1471.54 0.0000e+00
      10287    383.000     2.5836     2.5822   3.148007   3.147244     2.1538      98.91     0.0144      0.260    6.70821    35.0166    35.0087    27.9360    1466.91    1471.52 0.0000e+00
      10312    384.000     2.5760     2.5755   3.147364   3.146716     2.1526      98.91     0.0149      0.254    6.70247    35.0164    35.0089    27.9365    1466.89    1471.51 0.0000e+00
      10337    385.000     2.5746     2.5749   3.147300   3.146723     2.1520      98.91     0.0148      0.271    6.70857    35.0166    35.0091    27.9368    1466.90    1471.50 0.0000e+00
      10360    386.000     2.5729     2.5717   3.147184   3.146475     2.1517      98.92     0.0112      0.244    6.70676    35.0164    35.0090    27.9369    1466.91    1471.49 0.0000e+00
      10383    387.000     2.5696     2.5692   3.146914   3.146279     2.1509      98.91     0.0118      0.278    6.70281    35.0161    35.0087    27.9369    1466.91    1471.48 0.0000e+00
      10406    388.000     2.5641     2.5641   3.146487   3.145860     2.1505      98.91     0.0140      0.244    6.71124    35.0163    35.0086    27.9375    1466.91    1471.46 0.0000e+00
      10431    389.000     2.5603     2.5600   3.146159   3.145507     2.1504      98.91     0.0146      0.254    6.71430    35.0158    35.0081    27.9375    1466.91    1471.45 0.0000e+00
      10455    390.000     2.5520     2.5517   3.145434   3.144795     2.1503      98.91     0.0125      0.263    6.71658    35.0154    35.0078    27.9379    1466.89    1471.44 0.0000e+00
      10478    391.000     2.4971     2.4966   3.140097   3.139392     2.1502      98.92     0.0180      0.251    6.72115    35.0088    35.0007    27.9374    1466.66    1471.43 0.0000e+00
      10500    392.000     2.4442     2.4432   3.135535   3.134816     2.1496      98.91     0.0163      0.247    6.72586    35.0097    35.0019    27.9426    1466.45    1471.42 0.0000e+00
      10524    393.000     2.4377     2.4366   3.134973   3.134233     2.1489      98.91     0.0135      0.257    6.72060    35.0092    35.0013    27.9428    1466.43    1471.40 0.0000e+00
      10548    394.000     2.4242     2.4247   3.133704   3.133121     2.1477      98.91     0.0168      0.244    6.71660    35.0077    35.0000    27.9428    1466.39    1471.39 0.0000e+00
      10572    395.000     2.4076     2.4076   3.132216   3.131604     2.1470      98.91     0.0158      0.247    6.73052    35.0069    34.9993    27.9435    1466.33    1471.38 0.0000e+00
      10595    396.000     2.3843     2.3839   3.130111   3.129433     2.1469      98.91     0.0169      0.255    6.73777    35.0057    34.9978    27.9446    1466.25    1471.37 0.0000e+00
      10618    397.000     2.3763     2.3761   3.129444   3.128830     2.1467      98.91     0.0160      0.262    6.73966    35.0057    34.9983    27.9452    1466.23    1471.35 0.0000e+00
      10641    398.000     2.3402     2.3417   3.125907   3.125397     2.1465      98.92     0.0150      0.309    6.74315    35.0007    34.9927    27.9443    1466.08    1471.34 0.0000e+00
      10664    399.000     2.2796     2.2803   3.120584   3.120020     2.1460      98.91     0.0173      0.261    6.74739    35.0004    34.9926    27.9492    1465.83    1471.32 0.0000e+00
      10688    400.000     2.2615     2.2616   3.118925   3.118294     2.1451      98.91     0.0151      0.249    6.74621    34.9990    34.9911    27.9496    1465.77    1471.31 0.0000e+00
      10713    401.000     2.2468     2.2470   3.117606   3.117026     2.1446      98.84     0.0154      0.248    6.75704    34.9982    34.9908    27.9501    1465.72    1471.30 0.0000e+00
      10737    402.000     2.2350     2.2352   3.116598   3.115971     2.1444      98.89     0.0169      0.243    6.75939    34.9980    34.9900    27.9510    1465.69    1471.28 0.0000e+00
      10761    403.000     2.2336     2.2322   3.116524   3.115783     2.1439      98.91     0.0196      0.257    6.74870    34.9981    34.9904    27.9511    1465.70    1471.27 0.0000e+00
      10784    404.000     2.2304     2.2300   3.116278   3.115630     2.1430      98.91     0.0183      0.242    6.74470    34.9980    34.9903    27.9513    1465.70    1471.26 0.0000e+00
      10807    405.000     2.2218     2.2181   3.115481   3.114499     2.1417      88.66     0.0175      0.341    6.73486    34.9969    34.9887    27.9512    1465.68    1471.24 0.0000e+00
      10832    406.000     2.1911     2.1876   3.112643   3.111702     2.1408      81.73     0.0131      0.235    6.75827    34.9947    34.9868    27.9519    1465.56    1471.23 0.0000e+00
      10856    407.000     2.1471     2.1463   3.108693   3.107983     2.1409      98.99     0.0120      0.241    6.76489    34.9931    34.9852    27.9543    1465.38    1471.21 0.0000e+00
      10880    408.000     2.1311     2.1300   3.107275   3.106558     2.1403      98.91     0.0150      0.243    6.76007    34.9924    34.9847    27.9551    1465.33    1471.20 0.0000e+00
      10904    409.000     2.1179     2.1170   3.106106   3.105401     2.1395      88.48     0.0144      0.255    6.75812    34.9918    34.9840    27.9556    1465.28    1471.18 0.0000e+00
      10927    410.000     2.1054     2.1046   3.105024   3.104328     2.1390      41.33     0.0127      0.238    6.77084    34.9914    34.9836    27.9564    1465.24    1471.17 0.0000e+00
      10951    411.000     2.0864     2.0845   3.103296   3.102523     2.1387      98.82     0.0126      0.238    6.76518    34.9902    34.9826    27.9569    1465.18    1471.15 0.0000e+00
      10976    412.000     2.0813     2.0814   3.102889   3.102301     2.1379      98.92     0.0109      0.246    6.76117    34.9901    34.9827    27.9573    1465.17    1471.14 0.0000e+00
      11000    413.000     2.0670     2.0645   3.101613   3.100771     2.1372      98.91     0.0094      0.257    6.76961    34.9893    34.9815    27.9578    1465.12    1471.13 0.0000e+00
      11024    414.000     2.0567     2.0572   3.100690   3.100156     2.1370      98.91     0.0093      0.275    6.76859    34.9885    34.9813    27.9580    1465.09    1471.11 0.0000e+00
      11047    415.000     2.0288     2.0291   3.098121   3.097555     2.1361      98.91     0.0099      0.304    6.76752    34.9865    34.9791    27.9587    1464.99    1471.10 0.0000e+00
      11070    416.000     2.0154     2.0152   3.097027   3.096408     2.1356      98.91     0.0099      0.234    6.77033    34.9870    34.9795    27.9601    1464.94    1471.08 0.0000e+00
      11095    417.000     2.0089     2.0084   3.096431   3.095780     2.1348      98.91     0.0128      0.241    6.77414    34.9861    34.9785    27.9599    1464.93    1471.07 0.0000e+00
      11119    418.000     1.9847     1.9844   3.094199   3.093551     2.1349      98.91     0.0141      0.238    6.78802    34.9842    34.9764    27.9604    1464.84    1471.05 0.0000e+00
      11142    419.000     1.9560     1.9558   3.091641   3.091015     2.1349      98.91     0.0130      0.245    6.78560    34.9832    34.9756    27.9618    1464.73    1471.04 0.0000e+00
      11166    420.000     1.9416     1.9409   3.090349   3.089680     2.1340      98.92     0.0126      0.274    6.77706    34.9823    34.9746    27.9622    1464.68    1471.02 0.0000e+00
      11189    421.000     1.9157     1.9154   3.088003   3.087369     2.1332      98.92     0.0118      0.251    6.78179    34.9808    34.9732    27.9631    1464.58    1471.01 0.0000e+00
      11214    422.000     1.9011     1.9008   3.086729   3.086100     2.1324      98.91     0.0127      0.230    6.78510    34.9803    34.9727    27.9639    1464.53    1470.99 0.0000e+00
      11238    423.000     1.8949     1.8946   3.086202   3.085583     2.1320      98.91     0.0119      0.237    6.78509    34.9800    34.9725    27.9641    1464.52    1470.98 0.0000e+00
      11261    424.000     1.8854     1.8849   3.085312   3.084669     2.1311      98.91     0.0122      0.264    6.77902    34.9787    34.9712    27.9638    1464.49    1470.96 0.0000e+00
      11283    425.000     1.8108     1.8097   3.078372   3.077620     2.1302      98.91     0.0123      0.232    6.79094    34.9731    34.9649    27.9652    1464.18    1470.94 0.0000e+00
      11307    426.000     1.7763     1.7747   3.075400   3.074635     2.1295      98.92     0.0104      0.246    6.79830    34.9732    34.9653    27.9679    1464.04    1470.93 0.0000e+00
      11332    427.000     1.7612     1.7599   3.074041   3.073309     2.1285      98.91     0.0119      0.238    6.79665    34.9722    34.9644    27.9682    1463.99    1470.91 0.0000e+00
      11357    428.000     1.7475     1.7470   3.072857   3.072211     2.1278      98.91     0.0147      0.231    6.80016    34.9718    34.9642    27.9690    1463.94    1470.90 0.0000e+00
      11381    429.000     1.7382     1.7399   3.071992   3.071544     2.1273      98.91     0.0135      0.236    6.80440    34.9706    34.9631    27.9688    1463.92    1470.88 0.0000e+00
