Physical_Data/CTD_Data/Example_Data/sta0480.cnv
* Sea-Bird SBE 9 Data File:
* FileName = C:\Seabird\CTDData\sta0480.hex
* Software Version Seasave V 7.21f
* Temperature SN = 4340
* Conductivity SN = 3012
* Number of Bytes Per Scan = 34
* Number of Voltage Words = 3
* Number of Scans Averaged by the Deck Unit = 1
* NMEA Latitude = 73 49.78 N
* NMEA Longitude = 007 32.50 E
* NMEA UTC (Time) = Jun 23 2016 09:16:57
* NMEA baud rate = 4800
** Ship: 10 F/F "G. O. Sars"
** Station: 0480
** Echodepth: 602
** Log: 7761
** Wind-Dir Force: 20 14
** Air-temp (dry): 6.4
** Weather Sky: 2 5
** Sea Ice: 3 0
** Par light: 451
# nquan = 17                                
# nvalues = 591                         
# units = specified
# name 0 = scan: Scan Count
# name 1 = prDM: Pressure, Digiquartz [db]
# name 2 = t068C: Temperature [ITS-68, deg C]
# name 3 = t168C: Temperature, 2 [ITS-68, deg C]
# name 4 = c0S/m: Conductivity [S/m]
# name 5 = c1S/m: Conductivity, 2 [S/m]
# name 6 = sbeox0V: Oxygen raw, SBE 43 [V]
# name 7 = altM: Altimeter [m]
# name 8 = flC: Fluorescence, Chelsea Aqua 3 Chl Con [ug/l]
# name 9 = seaTurbMtr: Turbidity, Seapoint [FTU]
# name 10 = sbeox0ML/L: Oxygen, SBE 43 [ml/l], WS = 2
# name 11 = sal00: Salinity, Practical [PSU]
# name 12 = sal11: Salinity, Practical, 2 [PSU]
# name 13 = sigma-t00: Density [sigma-t, Kg/m^3 ]
# name 14 = svCM: Sound Velocity [Chen-Millero, m/s]
# name 15 = avgsvCM: Average Sound Velocity [Chen-Millero, m/s], minP = 1, minS = 5
# name 16 = flag: flag
# span 0 =        367,      17405       
# span 1 =      3.000,    593.000       
# span 2 =    -0.0514,     6.4825       
# span 3 =    -0.0537,     6.4826       
# span 4 =   2.919718,   3.491614       
# span 5 =   2.922647,   3.490788       
# span 6 =     2.0093,     2.5690       
# span 7 =      15.01,      99.21       
# span 8 =     0.0115,     1.1509       
# span 9 =      0.171,      2.995       
# span 10 =    6.60700,    7.25808      
# span 11 =    34.9097,    35.1299      
# span 12 =    34.8914,    35.1198      
# span 13 =    27.5852,    28.0382      
# span 14 =    1457.64,    1476.84      
# span 15 =    1465.63,    1476.84      
# span 16 = 0.0000e+00, 0.0000e+00      
# interval = decibars: 1                
# start_time = Jun 23 2016 09:17:00 [System UTC, header]
# bad_flag = -9.990e-29
*END*
[from data line 511]
      12807    514.000     0.0749     0.2895   2.927012   2.944811     2.0493      98.91     0.0186      0.179    6.87259    34.9122    34.9035    28.0314    1457.75    1466.77 0.0000e+00
      12832    515.000     0.0736     0.2866   2.926960   2.944456     2.0488      98.91     0.0194      0.173    6.87304    34.9124    34.9016    28.0316    1457.77    1466.75 0.0000e+00
      12856    516.000     0.0763     0.2820   2.927234   2.943883     2.0485      98.91     0.0186      0.182    6.88235    34.9123    34.8987    28.0314    1457.79    1466.74 0.0000e+00
      12880    517.000     0.0736     0.2753   2.927025   2.943163     2.0491      98.91     0.0165      0.187    6.88793    34.9120    34.8962    28.0313    1457.80    1466.72 0.0000e+00
      12905    518.000     0.0685     0.2674   2.926645   2.942266     2.0488      98.90     0.0138      0.185    6.88251    34.9122    34.8928    28.0317    1457.79    1466.70 0.0000e+00
      12928    519.000     0.0672     0.2567   2.926584   2.941289     2.0489      98.91     0.0157      0.186    6.88339    34.9123    34.8914    28.0319    1457.80    1466.69 0.0000e+00
      12951    520.000     0.0663     0.2437   2.926555   2.940409     2.0486      98.91     0.0137      0.207    6.87566    34.9123    34.8940    28.0320    1457.81    1466.67 0.0000e+00
      12974    521.000     0.0643     0.2323   2.926428   2.939580     2.0480      98.91     0.0145      0.204    6.87668    34.9123    34.8954    28.0321    1457.82    1466.65 0.0000e+00
      12999    522.000     0.0628     0.2227   2.926345   2.938906     2.0477      98.91     0.0150      0.183    6.87469    34.9123    34.8968    28.0321    1457.83    1466.63 0.0000e+00
      13026    523.000     0.0622     0.2130   2.926327   2.938279     2.0469      98.91     0.0143      0.177    6.87459    34.9122    34.8989    28.0321    1457.84    1466.62 0.0000e+00
      13051    524.000     0.0621     0.2061   2.926389   2.937681     2.0469      98.91     0.0155      0.199    6.88007    34.9125    34.8982    28.0323    1457.86    1466.60 0.0000e+00
      13074    525.000     0.0624     0.1979   2.926444   2.937072     2.0467      98.91     0.0191      0.194    6.88179    34.9123    34.8989    28.0322    1457.88    1466.58 0.0000e+00
      13096    526.000     0.0621     0.1908   2.926457   2.936411     2.0467      98.91     0.0191      0.205    6.88352    34.9122    34.8977    28.0321    1457.89    1466.57 0.0000e+00
      13118    527.000     0.0613     0.1823   2.926445   2.935713     2.0466      98.91     0.0200      0.184    6.87957    34.9124    34.8975    28.0323    1457.91    1466.55 0.0000e+00
      13143    528.000     0.0614     0.1754   2.926494   2.935216     2.0464      98.91     0.0197      0.183    6.88208    34.9123    34.8982    28.0322    1457.92    1466.53 0.0000e+00
      13168    529.000     0.0604     0.1700   2.926447   2.934852     2.0460      98.91     0.0171      0.179    6.87286    34.9123    34.8989    28.0322    1457.93    1466.52 0.0000e+00
      13193    530.000     0.0570     0.1650   2.926185   2.934474     2.0454      89.31     0.0165      0.302    6.86369    34.9121    34.8990    28.0322    1457.94    1466.50 0.0000e+00
      13217    531.000     0.0547     0.1596   2.926070   2.934064     2.0445      50.73     0.0158      0.180    6.88341    34.9126    34.8991    28.0328    1457.94    1466.49 0.0000e+00
      13241    532.000     0.0476     0.1545   2.925449   2.933650     2.0453      98.75     0.0168      0.194    6.88862    34.9118    34.8988    28.0325    1457.92    1466.47 0.0000e+00
      13264    533.000     0.0520     0.1495   2.925949   2.933223     2.0450      98.91     0.0212      0.180    6.87686    34.9128    34.8983    28.0331    1457.96    1466.45 0.0000e+00
      13287    534.000     0.0579     0.1438   2.926469   2.932875     2.0445      98.90     0.0221      0.171    6.87854    34.9124    34.8996    28.0325    1458.01    1466.44 0.0000e+00
      13310    535.000     0.0582     0.1397   2.926536   2.932600     2.0446      98.91     0.0182      0.174    6.88153    34.9124    34.9000    28.0324    1458.02    1466.42 0.0000e+00
      13333    536.000     0.0597     0.1363   2.926706   2.932336     2.0443      98.91     0.0161      0.179    6.87811    34.9123    34.8998    28.0323    1458.05    1466.41 0.0000e+00
      13356    537.000     0.0562     0.1317   2.926425   2.932012     2.0443      98.91     0.0196      0.217    6.88003    34.9120    34.9001    28.0322    1458.05    1466.39 0.0000e+00
      13381    538.000     0.0531     0.1278   2.926246   2.931725     2.0437      98.91     0.0180      0.180    6.87631    34.9125    34.9002    28.0328    1458.05    1466.37 0.0000e+00
      13405    539.000     0.0568     0.1251   2.926589   2.931521     2.0439      98.91     0.0163      0.190    6.88717    34.9123    34.8999    28.0324    1458.08    1466.36 0.0000e+00
      13428    540.000     0.0592     0.1212   2.926854   2.931284     2.0437      98.91     0.0181      0.204    6.88039    34.9125    34.9006    28.0324    1458.11    1466.34 0.0000e+00
      13451    541.000     0.0636     0.1175   2.927288   2.931094     2.0439      98.91     0.0172      0.174    6.88784    34.9126    34.9017    28.0323    1458.15    1466.33 0.0000e+00
      13476    542.000     0.0630     0.1153   2.927258   2.930917     2.0437      98.91     0.0160      0.272    6.88032    34.9123    34.9013    28.0321    1458.16    1466.31 0.0000e+00
      13501    543.000     0.0576     0.1133   2.926827   2.930789     2.0437      98.90     0.0172      0.173    6.88370    34.9121    34.9013    28.0323    1458.15    1466.30 0.0000e+00
      13525    544.000     0.0559     0.1114   2.926750   2.930654     2.0431      88.09     0.0162      0.189    6.86585    34.9125    34.9011    28.0326    1458.16    1466.28 0.0000e+00
      13547    545.000     0.0586     0.1089   2.927016   2.930470     2.0424      52.01     0.0150      0.174    6.88556    34.9123    34.9009    28.0323    1458.19    1466.27 0.0000e+00
      13569    546.000     0.0554     0.1060   2.926778   2.930304     2.0430      98.75     0.0143      0.229    6.88649    34.9122    34.9014    28.0324    1458.19    1466.25 0.0000e+00
      13593    547.000     0.0531     0.1033   2.926608   2.930230     2.0424      98.91     0.0149      0.202    6.87521    34.9120    34.9029    28.0324    1458.20    1466.24 0.0000e+00
      13618    548.000     0.0489     0.1021   2.926322   2.930101     2.0420      98.91     0.0144      0.183    6.87890    34.9124    34.9019    28.0329    1458.19    1466.22 0.0000e+00
      13644    549.000     0.0495     0.0996   2.926398   2.930015     2.0418      98.91     0.0128      0.188    6.87798    34.9121    34.9030    28.0327    1458.21    1466.21 0.0000e+00
      13668    550.000     0.0505     0.0989   2.926558   2.929943     2.0413      98.91     0.0139      0.209    6.88119    34.9125    34.9023    28.0329    1458.23    1466.19 0.0000e+00
      13691    551.000     0.0513     0.0977   2.926618   2.929839     2.0414      98.91     0.0179      0.174    6.88067    34.9118    34.9017    28.0323    1458.25    1466.18 0.0000e+00
      13713    552.000     0.0433     0.0956   2.925992   2.929721     2.0410      98.91     0.0184      0.178    6.87740    34.9120    34.9019    28.0329    1458.23    1466.17 0.0000e+00
      13735    553.000     0.0418     0.0936   2.925908   2.929635     2.0408      98.91     0.0199      0.175    6.88599    34.9120    34.9025    28.0330    1458.24    1466.15 0.0000e+00
      13759    554.000     0.0418     0.0922   2.925976   2.929622     2.0408      98.91     0.0178      0.177    6.88690    34.9123    34.9033    28.0332    1458.26    1466.14 0.0000e+00
      13784    555.000     0.0437     0.0914   2.926170   2.929616     2.0408      98.91     0.0146      0.174    6.89108    34.9121    34.9035    28.0330    1458.28    1466.12 0.0000e+00
      13808    556.000     0.0447     0.0909   2.926316   2.929591     2.0412      98.91     0.0177      0.173    6.89072    34.9123    34.9032    28.0331    1458.31    1466.11 0.0000e+00
      13830    557.000     0.0452     0.0913   2.926402   2.929513     2.0410      98.91     0.0179      0.186    6.88617    34.9123    34.9011    28.0331    1458.32    1466.09 0.0000e+00
      13852    558.000     0.0454     0.0897   2.926446   2.929396     2.0407      98.91     0.0141      0.174    6.86756    34.9120    34.9008    28.0328    1458.34    1466.08 0.0000e+00
      13877    559.000     0.0440     0.0870   2.926370   2.929321     2.0393      65.56     0.0166      0.172    6.87854    34.9120    34.9022    28.0329    1458.35    1466.07 0.0000e+00
      13903    560.000     0.0430     0.0855   2.926336   2.929320     2.0397      99.17     0.0189      0.173    6.88840    34.9121    34.9033    28.0330    1458.36    1466.05 0.0000e+00
      13928    561.000     0.0426     0.0857   2.926353   2.929306     2.0395      98.91     0.0208      0.180    6.88614    34.9122    34.9023    28.0331    1458.38    1466.04 0.0000e+00
      13951    562.000     0.0422     0.0851   2.926365   2.929280     2.0396      98.91     0.0155      0.184    6.88856    34.9122    34.9021    28.0332    1458.39    1466.03 0.0000e+00
      13973    563.000     0.0419     0.0840   2.926386   2.929216     2.0395      98.91     0.0140      0.171    6.88621    34.9122    34.9019    28.0332    1458.41    1466.01 0.0000e+00
      13996    564.000     0.0417     0.0829   2.926402   2.929158     2.0394      98.91     0.0155      0.173    6.88152    34.9121    34.9018    28.0331    1458.42    1466.00 0.0000e+00
      14019    565.000     0.0395     0.0824   2.926230   2.929063     2.0387      98.91     0.0166      0.191    6.87599    34.9117    34.9005    28.0329    1458.43    1465.99 0.0000e+00
      14041    566.000     0.0329     0.0807   2.925732   2.928912     2.0384      98.91     0.0143      0.243    6.88273    34.9120    34.8998    28.0335    1458.42    1465.97 0.0000e+00
      14064    567.000     0.0329     0.0780   2.925785   2.928839     2.0381      98.91     0.0167      0.362    6.87583    34.9121    34.9013    28.0336    1458.43    1465.96 0.0000e+00
      14089    568.000     0.0330     0.0772   2.925828   2.928801     2.0370      82.76     0.0159      0.182    6.86037    34.9120    34.9012    28.0335    1458.45    1465.95 0.0000e+00
      14116    569.000     0.0329     0.0756   2.925859   2.928764     2.0363      65.69     0.0143      0.174    6.88761    34.9119    34.9019    28.0334    1458.46    1465.93 0.0000e+00
      14141    570.000     0.0321     0.0750   2.925836   2.928706     2.0366      99.21     0.0170      0.182    6.88115    34.9119    34.9012    28.0335    1458.48    1465.92 0.0000e+00
      14163    571.000     0.0306     0.0737   2.925758   2.928617     2.0364      95.13     0.0144      0.174    6.86207    34.9120    34.9009    28.0336    1458.49    1465.91 0.0000e+00
      14184    572.000     0.0292     0.0720   2.925691   2.928564     2.0348      35.08     0.0149      0.172    6.86812    34.9121    34.9016    28.0338    1458.50    1465.89 0.0000e+00
      14206    573.000     0.0232     0.0706   2.925183   2.928535     2.0356      75.79     0.0173      0.174    6.89493    34.9116    34.9022    28.0337    1458.49    1465.88 0.0000e+00
      14231    574.000     0.0178     0.0699   2.924781   2.928531     2.0352      61.37     0.0152      0.175    6.86639    34.9119    34.9023    28.0342    1458.48    1465.87 0.0000e+00
      14258    575.000     0.0127     0.0695   2.924376   2.928492     2.0348      55.87     0.0149      0.175    6.88676    34.9117    34.9017    28.0343    1458.47    1465.85 0.0000e+00
      14281    576.000     0.0096     0.0689   2.924164   2.928424     2.0343      41.04     0.0163      0.269    6.86324    34.9118    34.9009    28.0346    1458.47    1465.84 0.0000e+00
      14303    577.000     0.0086     0.0672   2.924134   2.928344     2.0335      30.18     0.0165      0.222    6.87234    34.9120    34.9011    28.0348    1458.48    1465.83 0.0000e+00
      14325    578.000     0.0081     0.0661   2.924129   2.928278     2.0332      29.29     0.0167      0.177    6.86586    34.9119    34.9009    28.0347    1458.50    1465.82 0.0000e+00
      14348    579.000     0.0079     0.0646   2.924162   2.928223     2.0322      28.29     0.0169      0.173    6.85505    34.9119    34.9013    28.0348    1458.51    1465.80 0.0000e+00
      14372    580.000     0.0067     0.0636   2.924093   2.928171     2.0311      27.41     0.0133      0.183    6.85329    34.9118    34.9012    28.0348    1458.52    1465.79 0.0000e+00
      14397    581.000     0.0062     0.0625   2.924105   2.928144     2.0300      26.40     0.0119      0.178    6.84853    34.9119    34.9015    28.0349    1458.54    1465.78 0.0000e+00
      14422    582.000     0.0063     0.0611   2.924156   2.928097     2.0291      25.26     0.0146      0.193    6.85235    34.9119    34.9018    28.0349    1458.56    1465.77 0.0000e+00
      14446    583.000     0.0059     0.0604   2.924169   2.928050     2.0286      24.21     0.0160      0.218    6.85718    34.9119    34.9014    28.0349    1458.57    1465.75 0.0000e+00
      14469    584.000     0.0063     0.0593   2.924249   2.927963     2.0283      23.33     0.0169      0.187    6.86521    34.9119    34.9009    28.0349    1458.59    1465.74 0.0000e+00
      14490    585.000     0.0046     0.0575   2.924137   2.927843     2.0285      22.34     0.0163      0.176    6.86547    34.9118    34.9008    28.0349    1458.60    1465.73 0.0000e+00
      14512    586.000     0.0003     0.0557   2.923802   2.927770     2.0282      21.32     0.0170      0.177    6.86054    34.9117    34.9013    28.0350    1458.59    1465.72 0.0000e+00
      14536    587.000    -0.0091     0.0548   2.923041   2.927703     2.0278      20.27     0.0168      0.178    6.85768    34.9117    34.9008    28.0355    1458.57    1465.70 0.0000e+00
      14561    588.000    -0.0097     0.0536   2.923030   2.927607     2.0272      19.26     0.0191      0.213    6.85214    34.9116    34.9003    28.0355    1458.58    1465.69 0.0000e+00
      14585    589.000    -0.0151     0.0515   2.922627   2.927470     2.0263      18.29     0.0185      0.182    6.84700    34.9118    34.9003    28.0359    1458.57    1465.68 0.0000e+00
      14608    590.000    -0.0185     0.0500   2.922362   2.927307     2.0255      17.33     0.0126      0.208    6.84493    34.9116    34.8992    28.0359    1458.57    1465.67 0.0000e+00
      14630    591.000    -0.0222     0.0468   2.922093   2.927136     2.0249      16.34     0.0115      0.181    6.84415    34.9116    34.9000    28.0362    1458.57    1465.66 0.0000e+00
      14802    592.000    -0.0253    -0.0045   2.921829   2.927256     2.0218      15.01     0.0178      0.176    6.82920    34.9111    34.9592    28.0359    1458.57    1465.64 0.0000e+00
      17405    593.000    -0.0514    -0.0537   2.919718   2.922647     2.0093      15.28     0.0187      0.178    6.80215    34.9122    34.9535    28.0382    1458.47    1465.63 0.0000e+00
