Physical_Data/CTD_Data/Example_Data/sta0481.cnv
* Sea-Bird SBE 9 Data File:
* FileName = C:\Seabird\CTDData\sta0481.hex
* Software Version Seasave V 7.21f
* Temperature SN = 4340
* Conductivity SN = 3012
* Number of Bytes Per Scan = 34
* Number of Voltage Words = 3
* Number of Scans Averaged by the Deck Unit = 1
* NMEA Latitude = 73 49.27 N
* NMEA Longitude = 007 31.63 E
* NMEA UTC (Time) = Jun 23 2016 10:15:11
* NMEA baud rate = 4800
** Ship: 10 F/F "G. O. Sars"
** Station: 0481
** Echodepth: 720
** Log: 7761
** Wind-Dir Force: 20 14
** Air-temp (dry): 6.4
** Weather Sky: 2 5
** Sea Ice: 3 0
** Par light: 451
# nquan = 17                                
# nvalues = 713                         
# units = specified
# name 0 = scan: Scan Count
# name 1 = prDM: Pressure, Digiquartz [db]
# name 2 = t068C: Temperature [ITS-68, deg C]
# name 3 = t168C: Temperature, 2 [ITS-68, deg C]
# name 4 = c0S/m: Conductivity [S/m]
# name 5 = c1S/m: Conductivity, 2 [S/m]
# name 6 = sbeox0V: Oxygen raw, SBE 43 [V]
# name 7 = altM: Altimeter [m]
# name 8 = flC: Fluorescence, Chelsea Aqua 3 Chl Con [ug/l]
# name 9 = seaTurbMtr: Turbidity, Seapoint [FTU]
# name 10 = sbeox0ML/L: Oxygen, SBE 43 [ml/l], WS = 2
# name 11 = sal00: Salinity, Practical [PSU]
# name 12 = sal11: Salinity, Practical, 2 [PSU]
# name 13 = sigma-t00: Density [sigma-t, Kg/m^3 ]
# name 14 = svCM: Sound Velocity [Chen-Millero, m/s]
# name 15 = avgsvCM: Average Sound Velocity [Chen-Millero, m/s], minP = 1, minS = 5
# name 16 = flag: flag
# span 0 =        517,      19391       
# span 1 =      5.000,    717.000       
# span 2 =    -0.2637,     6.4425       
# span 3 =    -0.2597,     6.4412       
# span 4 =   2.906881,   3.488135       
# span 5 =   2.909316,   3.487073       
# span 6 =     1.9635,     2.5701       
# span 7 =       8.99,      99.65       
# span 8 =     0.0102,     0.9587       
# span 9 =      0.160,      3.088       
# span 10 =    6.56798,    7.33227      
# span 11 =    34.9108,    35.1330      
# span 12 =    34.8977,    35.1232      
# span 13 =    27.5916,    28.0497      
# span 14 =    1458.42,    1476.72      
# span 15 =    1464.25,    1476.72      
# span 16 = 0.0000e+00, 0.0000e+00      
# interval = decibars: 1                
# start_time = Jun 23 2016 10:15:14 [System UTC, header]
# bad_flag = -9.990e-29
*END*
[from data line 681]
      16820    686.000    -0.2012    -0.1531   2.911056   2.914422     1.9734      64.30     0.0108      0.173    6.74975    34.9125    34.9025    28.0462    1459.31    1464.47 0.0000e+00
      16844    687.000    -0.2014    -0.1534   2.911098   2.914425     1.9730      45.69     0.0120      0.176    6.74604    34.9127    34.9023    28.0464    1459.33    1464.46 0.0000e+00
      16867    688.000    -0.2028    -0.1539   2.911046   2.914416     1.9736      84.70     0.0124      0.179    6.75111    34.9130    34.9021    28.0467    1459.34    1464.45 0.0000e+00
      16889    689.000    -0.1983    -0.1550   2.911469   2.914373     1.9725      64.27     0.0113      0.176    6.71181    34.9129    34.9022    28.0464    1459.37    1464.45 0.0000e+00
      16912    690.000    -0.1983    -0.1559   2.911501   2.914330     1.9715      36.64     0.0117      0.192    6.72946    34.9127    34.9021    28.0462    1459.39    1464.44 0.0000e+00
      16937    691.000    -0.1980    -0.1562   2.911576   2.914299     1.9712      65.60     0.0130      0.181    6.73299    34.9128    34.9014    28.0463    1459.41    1464.43 0.0000e+00
      16963    692.000    -0.2015    -0.1576   2.911305   2.914263     1.9702      34.05     0.0165      0.180    6.72538    34.9126    34.9019    28.0463    1459.41    1464.43 0.0000e+00
      16988    693.000    -0.2155    -0.1583   2.910077   2.914182     1.9702      33.60     0.0165      0.178    6.73806    34.9116    34.9011    28.0462    1459.36    1464.42 0.0000e+00
      17012    694.000    -0.2385    -0.1597   2.908249   2.914066     1.9698      32.75     0.0150      0.170    6.73705    34.9129    34.9005    28.0484    1459.27    1464.41 0.0000e+00
      17035    695.000    -0.2446    -0.1616   2.907748   2.913946     1.9694      31.82     0.0178      0.181    6.73520    34.9126    34.9005    28.0485    1459.26    1464.40 0.0000e+00
      17058    696.000    -0.2494    -0.1630   2.907417   2.913823     1.9691      30.83     0.0195      0.181    6.74113    34.9130    34.8999    28.0491    1459.25    1464.40 0.0000e+00
      17082    697.000    -0.2477    -0.1648   2.907596   2.913709     1.9688      29.66     0.0191      0.184    6.73793    34.9129    34.8998    28.0489    1459.28    1464.39 0.0000e+00
      17106    698.000    -0.2461    -0.1670   2.907781   2.913614     1.9684      28.67     0.0158      0.169    6.73295    34.9129    34.9005    28.0488    1459.30    1464.38 0.0000e+00
      17131    699.000    -0.2409    -0.1691   2.908280   2.913530     1.9679      27.60     0.0157      0.175    6.73629    34.9131    34.9012    28.0487    1459.34    1464.37 0.0000e+00
      17155    700.000    -0.2375    -0.1714   2.908622   2.913453     1.9677      26.54     0.0178      0.175    6.73734    34.9132    34.9022    28.0486    1459.37    1464.37 0.0000e+00
      17178    701.000    -0.2367    -0.1728   2.908715   2.913392     1.9676      25.68     0.0185      0.178    6.74270    34.9129    34.9023    28.0483    1459.39    1464.36 0.0000e+00
      17201    702.000    -0.2393    -0.1724   2.908514   2.913354     1.9678      24.57     0.0185      0.177    6.74289    34.9126    34.9008    28.0482    1459.40    1464.35 0.0000e+00
      17225    703.000    -0.2513    -0.1733   2.907530   2.913289     1.9676      23.46     0.0180      0.180    6.74072    34.9126    34.9004    28.0488    1459.36    1464.35 0.0000e+00
      17253    704.000    -0.2573    -0.1755   2.907098   2.913253     1.9671      22.49     0.0145      0.175    6.73662    34.9131    34.9018    28.0495    1459.35    1464.34 0.0000e+00
      17279    705.000    -0.2553    -0.1775   2.907299   2.913214     1.9666      21.42     0.0153      0.180    6.73879    34.9129    34.9030    28.0492    1459.37    1464.33 0.0000e+00
      17303    706.000    -0.2575    -0.1778   2.907151   2.913166     1.9667      20.47     0.0174      0.172    6.74681    34.9128    34.9021    28.0493    1459.38    1464.32 0.0000e+00
      17324    707.000    -0.2550    -0.1787   2.907397   2.913083     1.9666      19.53     0.0137      0.173    6.74486    34.9126    34.9014    28.0491    1459.41    1464.32 0.0000e+00
      17345    708.000    -0.2558    -0.1805   2.907400   2.912946     1.9667      18.54     0.0116      0.183    6.74664    34.9130    34.9011    28.0494    1459.42    1464.31 0.0000e+00
      17366    709.000    -0.2585    -0.1807   2.907196   2.912773     1.9666      17.50     0.0147      0.175    6.74788    34.9128    34.8984    28.0493    1459.42    1464.30 0.0000e+00
      17392    710.000    -0.2627    -0.1831   2.906881   2.912562     1.9666      16.38     0.0159      0.182    6.75134    34.9128    34.8977    28.0495    1459.42    1464.30 0.0000e+00
      17796    711.000    -0.2551    -0.2445   2.907582   2.911730     1.9650      15.05     0.0161      0.172    6.74076    34.9129    34.9559    28.0492    1459.47    1464.29 0.0000e+00
      18015    712.000    -0.2592    -0.2561   2.907284   2.911292     1.9646      13.94     0.0131      0.218    6.74188    34.9130    34.9627    28.0495    1459.47    1464.28 0.0000e+00
      18173    713.000    -0.2598    -0.2547   2.907289   2.910961     1.9654      12.98     0.0144      0.160    6.74526    34.9131    34.9561    28.0497    1459.48    1464.28 0.0000e+00
      18308    714.000    -0.2576    -0.2561   2.907509   2.910873     1.9645      11.94     0.0148      0.167    6.73970    34.9130    34.9560    28.0494    1459.51    1464.27 0.0000e+00
      18363    715.000    -0.2637    -0.2409   2.907024   2.910791     1.9644      11.01     0.0140      0.174    6.74058    34.9129    34.9370    28.0497    1459.50    1464.26 0.0000e+00
      18510    716.000    -0.2617    -0.2551   2.907238   2.910503     1.9635       9.86     0.0154      0.171    6.73850    34.9128    34.9487    28.0495    1459.53    1464.26 0.0000e+00
      19391    717.000    -0.2616    -0.2597   2.907309   2.909316     1.9640       8.99     0.0167      0.162    6.74465    34.9131    34.9376    28.0497    1459.54    1464.25 0.0000e+00
