Physical_Data/CTD_Data/Example_Data/sta0475.cnv
* Sea-Bird SBE 9 Data File:
* FileName = C:\Seabird\CTDData\sta0475.hex
* Software Version Seasave V 7.21f
* Temperature SN = 4340
* Conductivity SN = 3012
* Number of Bytes Per Scan = 34
* Number of Voltage Words = 3
* Number of Scans Averaged by the Deck Unit = 1
* NMEA Latitude = 73 48.96 N
* NMEA Longitude = 007 31.44 E
* NMEA UTC (Time) = Jun 22 2016 06:37:00
* NMEA baud rate = 4800
** Ship: 10 F/F "G. O. Sars"
** Station: 0475
** Echodepth: 666
** Log: 7735.142
** Wind-Dir Force: 16 03
** Air-temp (dry): 4.7
** Weather Sky: 2 5
** Sea Ice: 2 0
** Par light: 451
# nquan = 17                                
# nvalues = 672                         
# units = specified
# name 0 = scan: Scan Count
# name 1 = prDM: Pressure, Digiquartz [db]
# name 2 = t068C: Temperature [ITS-68, deg C]
# name 3 = t168C: Temperature, 2 [ITS-68, deg C]
# name 4 = c0S/m: Conductivity [S/m]
# name 5 = c1S/m: Conductivity, 2 [S/m]
# name 6 = sbeox0V: Oxygen raw, SBE 43 [V]
# name 7 = altM: Altimeter [m]
# name 8 = flC: Fluorescence, Chelsea Aqua 3 Chl Con [ug/l]
# name 9 = seaTurbMtr: Turbidity, Seapoint [FTU]
# name 10 = sbeox0ML/L: Oxygen, SBE 43 [ml/l], WS = 2
# name 11 = sal00: Salinity, Practical [PSU]
# name 12 = sal11: Salinity, Practical, 2 [PSU]
# name 13 = sigma-t00: Density [sigma-t, Kg/m^3 ]
# name 14 = svCM: Sound Velocity [Chen-Millero, m/s]
# name 15 = avgsvCM: Average Sound Velocity [Chen-Millero, m/s], minP = 1, minS = 5
# name 16 = flag: flag
# span 0 =        758,      19692       
# span 1 =      4.000,    675.000       
# span 2 =    -0.1934,     6.0439       
# span 3 =    -0.1922,     6.0457       
# span 4 =   2.910709,   3.451268       
# span 5 =   2.908569,   3.450801       
# span 6 =     1.9996,     2.5432       
# span 7 =       1.77,      99.36       
# span 8 =     0.0118,     0.8414       
# span 9 =      0.165,      5.816       
# span 10 =    6.62728,    9.56897      
# span 11 =    34.9102,    35.1227      
# span 12 =    34.8084,    35.1130      
# span 13 =    27.6418,    28.0462      
# span 14 =    1457.97,    1475.13      
# span 15 =    1464.21,    1475.13      
# span 16 = 0.0000e+00, 0.0000e+00      
# interval = decibars: 1                
# start_time = Jun 22 2016 06:37:03 [System UTC, header]
# bad_flag = -9.990e-29
*END*
[from data line 426]
      10991    430.000     0.4426     0.4442   2.955224   2.954782     2.0820      98.92     0.0159      0.195    6.86498    34.9168    34.9092    28.0140    1458.06    1467.56 0.0000e+00
      11016    431.000     0.4395     0.4405   2.955028   2.954507     2.0814      98.92     0.0157      0.217    6.85587    34.9171    34.9092    28.0145    1458.07    1467.54 0.0000e+00
      11042    432.000     0.4431     0.4426   2.955387   2.954747     2.0800      98.92     0.0173      0.207    6.84700    34.9172    34.9094    28.0143    1458.10    1467.52 0.0000e+00
      11066    433.000     0.4442     0.4442   2.955506   2.954930     2.0793      98.92     0.0167      0.199    6.85502    34.9169    34.9094    28.0140    1458.12    1467.50 0.0000e+00
      11089    434.000     0.4441     0.4442   2.955560   2.954982     2.0786      98.92     0.0144      0.214    6.85665    34.9171    34.9095    28.0142    1458.14    1467.47 0.0000e+00
      11113    435.000     0.4386     0.4404   2.955085   2.954636     2.0785      98.92     0.0164      0.197    6.86436    34.9165    34.9086    28.0141    1458.13    1467.45 0.0000e+00
      11137    436.000     0.4248     0.4253   2.953925   2.953402     2.0784      98.92     0.0163      0.194    6.86787    34.9163    34.9089    28.0147    1458.08    1467.43 0.0000e+00
      11163    437.000     0.4222     0.4217   2.953757   2.953113     2.0783      98.92     0.0196      0.207    6.86799    34.9165    34.9086    28.0150    1458.09    1467.41 0.0000e+00
      11188    438.000     0.4167     0.4179   2.953326   2.952830     2.0782      98.93     0.0173      0.194    6.86628    34.9165    34.9086    28.0153    1458.08    1467.39 0.0000e+00
      11211    439.000     0.4130     0.4142   2.952984   2.952476     2.0779      98.92     0.0174      0.189    6.87251    34.9156    34.9076    28.0148    1458.07    1467.37 0.0000e+00
      11235    440.000     0.3999     0.4003   2.951967   2.951385     2.0779      98.92     0.0166      0.199    6.86929    34.9164    34.9084    28.0163    1458.03    1467.35 0.0000e+00
      11259    441.000     0.3949     0.3940   2.951527   2.950859     2.0775      98.92     0.0178      0.193    6.86519    34.9157    34.9080    28.0160    1458.03    1467.32 0.0000e+00
      11285    442.000     0.3898     0.3898   2.951121   2.950521     2.0765      98.92     0.0174      0.194    6.85450    34.9156    34.9077    28.0162    1458.02    1467.30 0.0000e+00
      11311    443.000     0.3879     0.3880   2.951020   2.950435     2.0756      98.92     0.0172      0.198    6.85329    34.9158    34.9080    28.0165    1458.03    1467.28 0.0000e+00
      11335    444.000     0.3860     0.3862   2.950897   2.950320     2.0744      86.95     0.0189      0.190    6.84800    34.9158    34.9080    28.0165    1458.03    1467.26 0.0000e+00
      11359    445.000     0.3856     0.3858   2.950920   2.950332     2.0743      89.92     0.0183      0.202    6.87413    34.9159    34.9080    28.0167    1458.05    1467.24 0.0000e+00
      11383    446.000     0.3834     0.3836   2.950759   2.950179     2.0745      98.88     0.0217      0.720    6.87004    34.9157    34.9079    28.0167    1458.05    1467.22 0.0000e+00
      11407    447.000     0.3818     0.3815   2.950664   2.950035     2.0745      98.91     0.0204      0.204    6.86869    34.9157    34.9078    28.0167    1458.06    1467.20 0.0000e+00
      11431    448.000     0.3811     0.3814   2.950656   2.950078     2.0743      98.92     0.0188      0.236    6.86597    34.9158    34.9079    28.0168    1458.08    1467.18 0.0000e+00
      11454    449.000     0.3770     0.3783   2.950330   2.949846     2.0741      98.91     0.0191      0.198    6.86984    34.9155    34.9077    28.0169    1458.07    1467.16 0.0000e+00
      11477    450.000     0.3782     0.3782   2.950503   2.949902     2.0741      98.92     0.0181      0.202    6.87285    34.9158    34.9080    28.0171    1458.10    1467.14 0.0000e+00
      11501    451.000     0.3768     0.3765   2.950400   2.949772     2.0739      98.92     0.0173      0.192    6.86397    34.9155    34.9076    28.0169    1458.11    1467.12 0.0000e+00
      11525    452.000     0.3742     0.3743   2.950228   2.949624     2.0735      98.92     0.0176      0.211    6.86474    34.9156    34.9076    28.0171    1458.11    1467.10 0.0000e+00
      11550    453.000     0.3704     0.3702   2.949936   2.949324     2.0729      98.92     0.0217      0.198    6.86021    34.9155    34.9077    28.0172    1458.11    1467.08 0.0000e+00
      11574    454.000     0.3690     0.3696   2.949862   2.949318     2.0724      98.92     0.0207      0.188    6.86386    34.9155    34.9077    28.0173    1458.12    1467.06 0.0000e+00
      11598    455.000     0.3648     0.3633   2.949518   2.948773     2.0722      98.93     0.0199      0.195    6.86897    34.9151    34.9070    28.0173    1458.12    1467.04 0.0000e+00
      11622    456.000     0.3575     0.3569   2.948930   2.948275     2.0720      98.92     0.0222      0.193    6.86586    34.9151    34.9072    28.0177    1458.10    1467.02 0.0000e+00
      11645    457.000     0.3539     0.3541   2.948669   2.948074     2.0716      98.93     0.0200      0.199    6.86693    34.9151    34.9071    28.0179    1458.10    1467.00 0.0000e+00
      11668    458.000     0.3536     0.3532   2.948708   2.948075     2.0713      98.92     0.0176      0.198    6.86423    34.9154    34.9075    28.0181    1458.12    1466.98 0.0000e+00
      11693    459.000     0.3550     0.3554   2.948855   2.948284     2.0710      98.92     0.0183      0.208    6.87303    34.9151    34.9072    28.0179    1458.14    1466.96 0.0000e+00
      11717    460.000     0.3490     0.3489   2.948340   2.947734     2.0714      98.92     0.0175      0.196    6.87809    34.9146    34.9067    28.0178    1458.13    1466.94 0.0000e+00
      11740    461.000     0.3402     0.3403   2.947660   2.947052     2.0713      98.92     0.0167      0.190    6.87683    34.9150    34.9069    28.0186    1458.10    1466.92 0.0000e+00
      11764    462.000     0.3394     0.3387   2.947616   2.946961     2.0711      98.92     0.0170      0.200    6.87305    34.9147    34.9069    28.0185    1458.12    1466.90 0.0000e+00
      11789    463.000     0.3385     0.3380   2.947597   2.946945     2.0710      98.93     0.0178      0.195    6.87089    34.9149    34.9069    28.0186    1458.13    1466.88 0.0000e+00
      11814    464.000     0.3353     0.3369   2.947361   2.946889     2.0703      98.92     0.0169      0.194    6.86976    34.9148    34.9068    28.0188    1458.13    1466.86 0.0000e+00
      11838    465.000     0.3336     0.3331   2.947266   2.946612     2.0698      75.08     0.0186      0.190    6.85576    34.9149    34.9069    28.0189    1458.14    1466.85 0.0000e+00
      11861    466.000     0.3319     0.3329   2.947158   2.946635     2.0690      72.86     0.0166      0.193    6.87067    34.9148    34.9068    28.0190    1458.15    1466.83 0.0000e+00
      11885    467.000     0.3269     0.3264   2.946752   2.946077     2.0689      99.02     0.0141      0.191    6.86831    34.9146    34.9063    28.0190    1458.14    1466.81 0.0000e+00
      11909    468.000     0.3228     0.3226   2.946439   2.945817     2.0686      98.92     0.0129      0.194    6.86997    34.9145    34.9066    28.0192    1458.14    1466.79 0.0000e+00
      11934    469.000     0.3215     0.3221   2.946391   2.945844     2.0683      98.92     0.0162      0.195    6.87055    34.9147    34.9069    28.0195    1458.15    1466.77 0.0000e+00
      11958    470.000     0.3269     0.3272   2.946918   2.946322     2.0681      98.92     0.0175      0.198    6.87498    34.9150    34.9068    28.0194    1458.19    1466.75 0.0000e+00
      11982    471.000     0.3253     0.3253   2.946795   2.946186     2.0683      98.93     0.0172      0.189    6.88194    34.9146    34.9066    28.0191    1458.20    1466.73 0.0000e+00
      12006    472.000     0.3182     0.3190   2.946241   2.945679     2.0686      98.92     0.0137      0.205    6.87589    34.9147    34.9065    28.0197    1458.18    1466.72 0.0000e+00
      12030    473.000     0.3172     0.3178   2.946192   2.945622     2.0679      98.93     0.0146      0.191    6.87258    34.9146    34.9065    28.0197    1458.19    1466.70 0.0000e+00
      12054    474.000     0.3123     0.3129   2.945821   2.945259     2.0680      98.92     0.0142      0.196    6.88258    34.9147    34.9067    28.0200    1458.19    1466.68 0.0000e+00
      12078    475.000     0.3124     0.3133   2.945863   2.945336     2.0681      98.92     0.0163      0.191    6.87493    34.9145    34.9066    28.0199    1458.21    1466.66 0.0000e+00
      12101    476.000     0.3112     0.3117   2.945782   2.945196     2.0674      98.92     0.0158      0.192    6.86953    34.9142    34.9060    28.0197    1458.22    1466.64 0.0000e+00
      12125    477.000     0.2989     0.2975   2.944772   2.944031     2.0670      98.92     0.0177      0.194    6.86928    34.9143    34.9062    28.0205    1458.18    1466.63 0.0000e+00
      12149    478.000     0.2894     0.2867   2.943933   2.943085     2.0662      98.92     0.0162      0.199    6.86448    34.9134    34.9054    28.0203    1458.15    1466.61 0.0000e+00
      12174    479.000     0.2750     0.2751   2.942773   2.942167     2.0653      98.92     0.0146      0.213    6.86753    34.9139    34.9058    28.0215    1458.10    1466.59 0.0000e+00
      12199    480.000     0.2720     0.2722   2.942563   2.941953     2.0648      98.92     0.0147      0.198    6.87332    34.9139    34.9057    28.0217    1458.10    1466.57 0.0000e+00
      12223    481.000     0.2683     0.2682   2.942273   2.941659     2.0646      98.93     0.0151      0.196    6.87961    34.9137    34.9058    28.0217    1458.10    1466.56 0.0000e+00
      12247    482.000     0.2663     0.2660   2.942152   2.941510     2.0646      98.92     0.0184      0.191    6.87770    34.9138    34.9057    28.0219    1458.11    1466.54 0.0000e+00
      12270    483.000     0.2612     0.2615   2.941757   2.941164     2.0642      98.93     0.0172      0.298    6.87488    34.9138    34.9057    28.0222    1458.10    1466.52 0.0000e+00
      12294    484.000     0.2587     0.2597   2.941577   2.941057     2.0639      98.92     0.0173      0.197    6.87436    34.9137    34.9057    28.0222    1458.11    1466.50 0.0000e+00
      12318    485.000     0.2394     0.2417   2.939865   2.939433     2.0633      98.92     0.0206      0.204    6.86318    34.9124    34.9041    28.0223    1458.03    1466.49 0.0000e+00
      12342    486.000     0.2290     0.2294   2.939100   2.938507     2.0617      71.04     0.0193      0.287    6.84918    34.9135    34.9053    28.0238    1458.00    1466.47 0.0000e+00
      12366    487.000     0.2299     0.2305   2.939220   2.938654     2.0607      74.44     0.0185      0.191    6.86739    34.9135    34.9054    28.0237    1458.02    1466.45 0.0000e+00
      12390    488.000     0.2315     0.2306   2.939401   2.938694     2.0601      98.78     0.0198      0.293    6.85769    34.9135    34.9052    28.0236    1458.05    1466.43 0.0000e+00
      12414    489.000     0.2189     0.2183   2.938322   2.937697     2.0592      98.92     0.0184      0.196    6.85991    34.9129    34.9054    28.0239    1458.01    1466.42 0.0000e+00
      12439    490.000     0.2119     0.2148   2.937780   2.937377     2.0585      98.92     0.0195      0.189    6.85574    34.9131    34.9045    28.0245    1457.99    1466.40 0.0000e+00
      12464    491.000     0.2095     0.2091   2.937642   2.936984     2.0575      98.92     0.0172      0.189    6.85581    34.9134    34.9052    28.0249    1458.00    1466.38 0.0000e+00
      12488    492.000     0.2093     0.2088   2.937690   2.936992     2.0570      98.92     0.0177      0.189    6.86040    34.9137    34.9051    28.0251    1458.01    1466.36 0.0000e+00
      12510    493.000     0.1983     0.1977   2.936703   2.936019     2.0568      98.93     0.0164      0.197    6.87018    34.9126    34.9043    28.0248    1457.98    1466.35 0.0000e+00
      12531    494.000     0.1926     0.1930   2.936333   2.935758     2.0567      98.92     0.0186      0.203    6.87698    34.9136    34.9055    28.0259    1457.97    1466.33 0.0000e+00
      12555    495.000     0.1912     0.1929   2.936223   2.935753     2.0573      98.93     0.0187      0.196    6.88195    34.9131    34.9050    28.0256    1457.98    1466.31 0.0000e+00
      12580    496.000     0.1871     0.1858   2.935940   2.935191     2.0572      98.93     0.0157      0.195    6.87823    34.9134    34.9050    28.0261    1457.98    1466.30 0.0000e+00
      12605    497.000     0.1847     0.1846   2.935768   2.935141     2.0572      98.92     0.0150      0.193    6.88211    34.9133    34.9052    28.0262    1457.98    1466.28 0.0000e+00
      12630    498.000     0.1843     0.1847   2.935794   2.935216     2.0576      98.92     0.0172      0.207    6.88710    34.9135    34.9054    28.0263    1458.00    1466.26 0.0000e+00
      12653    499.000     0.1873     0.1874   2.936096   2.935477     2.0576      98.92     0.0186      0.189    6.88529    34.9135    34.9052    28.0262    1458.03    1466.25 0.0000e+00
      12676    500.000     0.1862     0.1852   2.936028   2.935331     2.0579      98.92     0.0223      0.197    6.89844    34.9132    34.9052    28.0260    1458.04    1466.23 0.0000e+00
      12699    501.000     0.1821     0.1822   2.935740   2.935124     2.0589      98.93     0.0225      0.288    6.90219    34.9135    34.9053    28.0265    1458.03    1466.21 0.0000e+00
      12722    502.000     0.1804     0.1819   2.935650   2.935155     2.0589      98.92     0.0199      0.703    6.89594    34.9136    34.9054    28.0267    1458.04    1466.20 0.0000e+00
      12747    503.000     0.1799     0.1788   2.935623   2.934909     2.0592      98.92     0.0169      0.259    6.89609    34.9133    34.9051    28.0264    1458.06    1466.18 0.0000e+00
      12771    504.000     0.1712     0.1716   2.934959   2.934359     2.0592      87.57     0.0153      0.963    6.90513    34.9138    34.9054    28.0273    1458.03    1466.16 0.0000e+00
      12795    505.000     0.1674     0.1679   2.934682   2.934095     2.0598      98.87     0.0180      0.203    6.91035    34.9138    34.9055    28.0276    1458.03    1466.15 0.0000e+00
      12818    506.000     0.1678     0.1680   2.934757   2.934151     2.0601      98.92     0.0180      0.192    6.90925    34.9138    34.9056    28.0275    1458.05    1466.13 0.0000e+00
      12842    507.000     0.1675     0.1678   2.934771   2.934173     2.0603      98.92     0.0176      0.193    6.90314    34.9137    34.9055    28.0275    1458.07    1466.12 0.0000e+00
      12866    508.000     0.1680     0.1681   2.934872   2.934257     2.0599      98.92     0.0169      0.192    6.90383    34.9139    34.9057    28.0276    1458.09    1466.10 0.0000e+00
      12889    509.000     0.1680     0.1677   2.934900   2.934242     2.0602      98.92     0.0180      0.195    6.91069    34.9136    34.9053    28.0274    1458.10    1466.08 0.0000e+00
      12913    510.000     0.1672     0.1674   2.934884   2.934289     2.0603      98.92     0.0179      0.193    6.91692    34.9138    34.9057    28.0275    1458.11    1466.07 0.0000e+00
      12936    511.000     0.1633     0.1641   2.934588   2.934028     2.0611      98.93     0.0160      0.189    6.92830    34.9137    34.9054    28.0277    1458.11    1466.05 0.0000e+00
      12960    512.000     0.1619     0.1620   2.934528   2.933921     2.0615      98.92     0.0171      0.212    6.92141    34.9139    34.9058    28.0279    1458.12    1466.04 0.0000e+00
      12984    513.000     0.1622     0.1623   2.934599   2.933981     2.0616      98.92     0.0180      0.256    6.92388    34.9139    34.9056    28.0279    1458.14    1466.02 0.0000e+00
