Physical_Data/CTD_Data/Example_Data/sta0474.cnv
* Sea-Bird SBE 9 Data File:
* FileName = C:\Seabird\CTDData\sta0474.hex
* Software Version Seasave V 7.21f
* Temperature SN = 4340
* Conductivity SN = 3012
* Number of Bytes Per Scan = 34
* Number of Voltage Words = 3
* Number of Scans Averaged by the Deck Unit = 1
* NMEA Latitude = 73 48.66 N
* NMEA Longitude = 007 32.88 E
* NMEA UTC (Time) = Jun 22 2016 05:47:16
* NMEA baud rate = 4800
** Ship: 10 F/F "G. O. Sars"
** Station: 0474
** Echodepth: 928
** Log: 7734.484
** Wind-Dir Force: 19 04
** Air-temp (dry): 4.7
** Weather Sky: 2 5
** Sea Ice: 3 0
** Par light: 451
# nquan = 17                                
# nvalues = 916                         
# units = specified
# name 0 = scan: Scan Count
# name 1 = prDM: Pressure, Digiquartz [db]
# name 2 = t068C: Temperature [ITS-68, deg C]
# name 3 = t168C: Temperature, 2 [ITS-68, deg C]
# name 4 = c0S/m: Conductivity [S/m]
# name 5 = c1S/m: Conductivity, 2 [S/m]
# name 6 = sbeox0V: Oxygen raw, SBE 43 [V]
# name 7 = altM: Altimeter [m]
# name 8 = flC: Fluorescence, Chelsea Aqua 3 Chl Con [ug/l]
# name 9 = seaTurbMtr: Turbidity, Seapoint [FTU]
# name 10 = sbeox0ML/L: Oxygen, SBE 43 [ml/l], WS = 2
# name 11 = sal00: Salinity, Practical [PSU]
# name 12 = sal11: Salinity, Practical, 2 [PSU]
# name 13 = sigma-t00: Density [sigma-t, Kg/m^3 ]
# name 14 = svCM: Sound Velocity [Chen-Millero, m/s]
# name 15 = avgsvCM: Average Sound Velocity [Chen-Millero, m/s], minP = 1, minS = 5
# name 16 = flag: flag
# span 0 =         95,      23150       
# span 1 =      2.000,    917.000       
# span 2 =    -0.3767,     6.4300       
# span 3 =    -0.3687,     6.4285       
# span 4 =   2.905713,   3.487087       
# span 5 =   2.909029,   3.486117       
# span 6 =     1.9166,     2.5573       
# span 7 =      35.09,      99.63       
# span 8 =     0.0094,     1.1004       
# span 9 =      0.168,      2.710       
# span 10 =    6.61125,    7.28989      
# span 11 =    34.9106,    35.1282      
# span 12 =    34.8953,    35.1172      
# span 13 =    27.5954,    28.0541      
# span 14 =    1458.53,    1476.62      
# span 15 =    1463.80,    1476.62      
# span 16 = 0.0000e+00, 0.0000e+00      
# interval = decibars: 1                
# start_time = Jun 22 2016 05:47:18 [System UTC, header]
# bad_flag = -9.990e-29
*END*
[from data line 256]
       6730    258.000     3.3556     3.3557   3.214486   3.213777     2.2128      98.92     0.0185      0.296    6.69374    35.0602    35.0515    27.8995    1468.22    1471.67 0.0000e+00
       6754    259.000     3.3463     3.3466   3.213666   3.212982     2.2119      98.92     0.0172      0.289    6.69287    35.0597    35.0511    27.9000    1468.19    1471.66 0.0000e+00
       6777    260.000     3.3320     3.3329   3.212392   3.211764     2.2115      98.92     0.0190      0.305    6.69749    35.0592    35.0506    27.9010    1468.15    1471.64 0.0000e+00
       6801    261.000     3.3243     3.3258   3.211723   3.211128     2.2107      98.92     0.0200      0.311    6.68609    35.0589    35.0501    27.9015    1468.13    1471.63 0.0000e+00
       6826    262.000     3.3066     3.3061   3.210070   3.209312     2.2091      98.92     0.0223      0.327    6.68254    35.0574    35.0488    27.9020    1468.07    1471.61 0.0000e+00
       6850    263.000     3.2913     3.2941   3.208747   3.208292     2.2082      98.93     0.0203      0.294    6.70044    35.0574    35.0488    27.9035    1468.02    1471.60 0.0000e+00
       6874    264.000     3.2722     3.2716   3.206838   3.206059     2.2088      98.92     0.0177      0.309    6.70780    35.0543    35.0455    27.9029    1467.95    1471.59 0.0000e+00
       6897    265.000     3.2351     3.2347   3.203513   3.202756     2.2081      76.33     0.0151      0.307    6.71560    35.0536    35.0448    27.9058    1467.81    1471.57 0.0000e+00
       6921    266.000     3.2221     3.2220   3.202290   3.201548     2.2089      98.49     0.0187      0.289    6.72275    35.0522    35.0433    27.9060    1467.77    1471.56 0.0000e+00
       6945    267.000     3.1899     3.1894   3.199241   3.198488     2.2084      98.92     0.0179      0.289    6.71518    35.0495    35.0409    27.9069    1467.65    1471.54 0.0000e+00
       6970    268.000     3.1720     3.1718   3.197707   3.196970     2.2078      98.91     0.0233      0.467    6.72168    35.0497    35.0409    27.9087    1467.59    1471.53 0.0000e+00
       6993    269.000     3.1643     3.1636   3.197006   3.196220     2.2074      98.92     0.0242      0.497    6.72014    35.0489    35.0401    27.9089    1467.57    1471.51 0.0000e+00
       7017    270.000     3.1558     3.1541   3.196232   3.195361     2.2070      98.92     0.0233      0.313    6.72510    35.0482    35.0394    27.9091    1467.55    1471.50 0.0000e+00
       7041    271.000     3.1490     3.1491   3.195679   3.194978     2.2068      98.92     0.0242      0.400    6.72427    35.0483    35.0396    27.9098    1467.54    1471.48 0.0000e+00
       7066    272.000     3.1471     3.1484   3.195552   3.194969     2.2065      98.92     0.0233      0.280    6.72396    35.0482    35.0397    27.9099    1467.54    1471.47 0.0000e+00
       7090    273.000     3.1466     3.1460   3.195535   3.194771     2.2057      98.92     0.0204      0.363    6.71011    35.0480    35.0394    27.9098    1467.56    1471.46 0.0000e+00
       7114    274.000     3.1381     3.1373   3.194781   3.193999     2.2044      98.92     0.0168      0.291    6.71178    35.0475    35.0388    27.9102    1467.54    1471.44 0.0000e+00
       7137    275.000     3.1362     3.1360   3.194647   3.193919     2.2041      98.92     0.0183      0.296    6.72199    35.0473    35.0387    27.9103    1467.55    1471.43 0.0000e+00
       7162    276.000     3.1330     3.1329   3.194378   3.193670     2.2039      98.93     0.0199      0.295    6.71591    35.0470    35.0385    27.9103    1467.55    1471.41 0.0000e+00
       7187    277.000     3.1266     3.1257   3.193843   3.193051     2.2029      98.92     0.0209      0.283    6.71532    35.0469    35.0382    27.9108    1467.54    1471.40 0.0000e+00
       7211    278.000     3.1174     3.1157   3.192966   3.192120     2.2027      98.92     0.0201      0.283    6.72296    35.0456    35.0371    27.9106    1467.51    1471.39 0.0000e+00
       7235    279.000     3.0969     3.0988   3.191143   3.190595     2.2025      98.93     0.0202      0.310    6.72173    35.0451    35.0363    27.9121    1467.44    1471.37 0.0000e+00
       7258    280.000     3.0928     3.0929   3.190803   3.190118     2.2017      98.92     0.0192      0.295    6.71877    35.0448    35.0363    27.9123    1467.44    1471.36 0.0000e+00
       7282    281.000     3.0918     3.0916   3.190750   3.190018     2.2012      98.92     0.0209      0.280    6.71669    35.0447    35.0360    27.9123    1467.45    1471.34 0.0000e+00
       7306    282.000     3.0636     3.0619   3.187945   3.187126     2.2005      98.92     0.0230      0.280    6.72555    35.0405    35.0324    27.9116    1467.34    1471.33 0.0000e+00
       7332    283.000     3.0028     3.0024   3.182383   3.181620     2.2004      98.92     0.0219      0.275    6.73666    35.0381    35.0292    27.9154    1467.10    1471.31 0.0000e+00
       7356    284.000     2.9825     2.9818   3.180630   3.179839     2.1997      98.92     0.0207      0.337    6.73232    35.0381    35.0292    27.9173    1467.03    1471.30 0.0000e+00
       7378    285.000     2.9757     2.9755   3.180041   3.179320     2.1990      98.93     0.0215      0.280    6.73722    35.0378    35.0292    27.9176    1467.01    1471.28 0.0000e+00
       7401    286.000     2.9648     2.9667   3.179034   3.178516     2.1990      98.92     0.0176      0.283    6.74652    35.0367    35.0283    27.9178    1466.98    1471.27 0.0000e+00
       7425    287.000     2.9535     2.9537   3.178075   3.177372     2.1990      98.92     0.0174      0.279    6.74931    35.0367    35.0279    27.9189    1466.95    1471.25 0.0000e+00
       7450    288.000     2.9466     2.9460   3.177454   3.176697     2.1991      98.92     0.0239      0.309    6.74773    35.0361    35.0275    27.9190    1466.94    1471.24 0.0000e+00
       7475    289.000     2.9133     2.9129   3.174343   3.173596     2.1985      98.92     0.0277      0.277    6.74766    35.0336    35.0249    27.9201    1466.81    1471.22 0.0000e+00
       7500    290.000     2.8786     2.8783   3.171265   3.170521     2.1980      98.92     0.0253      0.283    6.74404    35.0331    35.0243    27.9228    1466.67    1471.21 0.0000e+00
       7524    291.000     2.8617     2.8619   3.169774   3.169059     2.1959      58.49     0.0303      0.278    6.73492    35.0327    35.0237    27.9240    1466.62    1471.19 0.0000e+00
       7547    292.000     2.8457     2.8453   3.168317   3.167584     2.1957      98.28     0.0275      0.304    6.75045    35.0316    35.0231    27.9247    1466.56    1471.18 0.0000e+00
       7571    293.000     2.8394     2.8384   3.167785   3.166985     2.1943      98.93     0.0251      0.281    6.73830    35.0314    35.0227    27.9251    1466.55    1471.16 0.0000e+00
       7595    294.000     2.8204     2.8186   3.166015   3.165165     2.1932      98.92     0.0217      0.390    6.74227    35.0298    35.0214    27.9255    1466.49    1471.14 0.0000e+00
       7619    295.000     2.7774     2.7758   3.161919   3.161052     2.1925      98.92     0.0234      0.289    6.75112    35.0258    35.0169    27.9262    1466.31    1471.13 0.0000e+00
       7644    296.000     2.7307     2.7308   3.157691   3.156967     2.1917      98.92     0.0223      0.425    6.75747    35.0241    35.0151    27.9291    1466.13    1471.11 0.0000e+00
       7669    297.000     2.6901     2.6903   3.153959   3.153261     2.1908      98.92     0.0200      0.301    6.76490    35.0219    35.0131    27.9309    1465.97    1471.09 0.0000e+00
       7692    298.000     2.6534     2.6531   3.150509   3.149758     2.1906      98.92     0.0234      0.322    6.78212    35.0189    35.0100    27.9317    1465.82    1471.08 0.0000e+00
       7716    299.000     2.6259     2.6260   3.148078   3.147363     2.1910      98.92     0.0280      0.370    6.79751    35.0184    35.0094    27.9338    1465.72    1471.06 0.0000e+00
       7739    300.000     2.5789     2.5798   3.143597   3.142944     2.1914      98.92     0.0307      0.300    6.80197    35.0138    35.0048    27.9343    1465.52    1471.04 0.0000e+00
       7763    301.000     2.5424     2.5421   3.140432   3.139694     2.1913      98.92     0.0313      0.311    6.80186    35.0140    35.0052    27.9376    1465.38    1471.02 0.0000e+00
       7788    302.000     2.5184     2.5184   3.138221   3.137520     2.1908      98.92     0.0305      1.207    6.81688    35.0124    35.0037    27.9384    1465.29    1471.00 0.0000e+00
       7812    303.000     2.5029     2.5021   3.136929   3.136113     2.1920      98.92     0.0313      0.318    6.84392    35.0128    35.0035    27.9400    1465.24    1470.98 0.0000e+00
       7835    304.000     2.4912     2.4899   3.135892   3.135086     2.1937      98.92     0.0310      0.349    6.85791    35.0122    35.0036    27.9406    1465.21    1470.96 0.0000e+00
       7860    305.000     2.4798     2.4800   3.134989   3.134328     2.1956      98.92     0.0433      0.373    6.86335    35.0129    35.0045    27.9421    1465.18    1470.94 0.0000e+00
       7885    306.000     2.4816     2.4819   3.135223   3.134560     2.1966      83.50     0.0460      0.372    6.87001    35.0133    35.0047    27.9423    1465.20    1470.93 0.0000e+00
       7909    307.000     2.4456     2.4457   3.131777   3.131095     2.1991      98.95     0.0571      0.400    6.89842    35.0094    35.0008    27.9423    1465.06    1470.91 0.0000e+00
       7933    308.000     2.3952     2.3949   3.127374   3.126667     2.2008      98.92     0.0708      0.366    6.90544    35.0094    35.0010    27.9466    1464.86    1470.89 0.0000e+00
       7956    309.000     2.3864     2.3867   3.126661   3.126000     2.2022      98.92     0.0817      0.415    6.90941    35.0097    35.0011    27.9475    1464.83    1470.87 0.0000e+00
       7981    310.000     2.3740     2.3741   3.125607   3.124943     2.2034      98.92     0.1035      0.387    6.91612    35.0096    35.0012    27.9485    1464.80    1470.85 0.0000e+00
       8005    311.000     2.3607     2.3611   3.124460   3.123823     2.2047      98.93     0.1359      0.467    6.92461    35.0094    35.0010    27.9495    1464.76    1470.83 0.0000e+00
       8029    312.000     2.3381     2.3380   3.122497   3.121819     2.2056      98.92     0.1265      0.437    6.93020    35.0092    35.0009    27.9513    1464.67    1470.81 0.0000e+00
       8052    313.000     2.3256     2.3255   3.121590   3.120904     2.2067      98.93     0.1023      0.387    6.93593    35.0110    35.0026    27.9538    1464.64    1470.79 0.0000e+00
       8076    314.000     2.3159     2.3156   3.120740   3.120045     2.2074      98.93     0.0915      0.349    6.93678    35.0105    35.0022    27.9542    1464.61    1470.77 0.0000e+00
       8101    315.000     2.3005     2.3001   3.119311   3.118602     2.2075      98.92     0.0716      0.384    6.92380    35.0091    35.0007    27.9544    1464.56    1470.75 0.0000e+00
       8124    316.000     2.2561     2.2553   3.115277   3.114520     2.2064      98.92     0.0717      0.364    6.91385    35.0070    34.9985    27.9564    1464.38    1470.73 0.0000e+00
       8146    317.000     2.2261     2.2258   3.112712   3.112016     2.2049      98.92     0.0612      0.298    6.90901    35.0075    34.9991    27.9593    1464.27    1470.71 0.0000e+00
       8169    318.000     2.2125     2.2120   3.111559   3.110821     2.2029      98.92     0.0497      0.342    6.89761    35.0075    34.9988    27.9604    1464.22    1470.69 0.0000e+00
       8193    319.000     2.1993     2.1995   3.110458   3.109812     2.2007      98.93     0.0451      0.297    6.88876    35.0077    34.9994    27.9617    1464.18    1470.67 0.0000e+00
       8217    320.000     2.1919     2.1933   3.109778   3.109253     2.1983      98.92     0.0379      0.272    6.88310    35.0067    34.9987    27.9615    1464.17    1470.65 0.0000e+00
       8242    321.000     2.1672     2.1676   3.107591   3.106974     2.1960      98.92     0.0263      0.265    6.88133    35.0060    34.9979    27.9630    1464.07    1470.63 0.0000e+00
       8266    322.000     2.1345     2.1344   3.104503   3.103836     2.1936      98.92     0.0204      0.262    6.87615    35.0029    34.9946    27.9632    1463.94    1470.61 0.0000e+00
       8290    323.000     2.0990     2.0991   3.101246   3.100569     2.1915      98.92     0.0215      0.354    6.88562    35.0006    34.9920    27.9643    1463.80    1470.58 0.0000e+00
       8313    324.000     2.0690     2.0650   3.098487   3.097443     2.1902      98.92     0.0278      0.287    6.89238    34.9986    34.9899    27.9650    1463.68    1470.56 0.0000e+00
       8335    325.000     2.0517     2.0510   3.096956   3.096211     2.1889      98.50     0.0280      0.281    6.89522    34.9979    34.9893    27.9659    1463.62    1470.54 0.0000e+00
       8358    326.000     2.0383     2.0398   3.095693   3.095184     2.1882      98.91     0.0270      0.278    6.90181    34.9962    34.9882    27.9657    1463.58    1470.52 0.0000e+00
       8383    327.000     2.0201     2.0211   3.094094   3.093527     2.1872      98.92     0.0281      0.268    6.89335    34.9957    34.9875    27.9667    1463.52    1470.50 0.0000e+00
       8408    328.000     2.0021     2.0027   3.092409   3.091795     2.1856      98.92     0.0349      0.265    6.88517    34.9938    34.9855    27.9666    1463.45    1470.48 0.0000e+00
       8432    329.000     1.9914     1.9890   3.091414   3.090550     2.1839      98.92     0.0417      0.277    6.87877    34.9926    34.9844    27.9665    1463.42    1470.46 0.0000e+00
       8455    330.000     1.9699     1.9702   3.089486   3.088857     2.1819      98.92     0.0368      0.273    6.87377    34.9915    34.9833    27.9674    1463.34    1470.43 0.0000e+00
       8478    331.000     1.9514     1.9510   3.087774   3.087077     2.1803      98.92     0.0346      0.253    6.87930    34.9898    34.9815    27.9675    1463.27    1470.41 0.0000e+00
       8502    332.000     1.9236     1.9242   3.085223   3.084622     2.1790      98.92     0.0347      0.257    6.88284    34.9879    34.9797    27.9682    1463.17    1470.39 0.0000e+00
       8525    333.000     1.9090     1.9097   3.083972   3.083383     2.1778      98.93     0.0289      0.284    6.87524    34.9877    34.9795    27.9692    1463.12    1470.37 0.0000e+00
       8546    334.000     1.9048     1.9004   3.083453   3.082283     2.1760      98.92     0.0266      0.277    6.86841    34.9852    34.9754    27.9675    1463.11    1470.35 0.0000e+00
       8569    335.000     1.8256     1.8228   3.076087   3.075246     2.1745      98.92     0.0245      0.249    6.87651    34.9794    34.9719    27.9691    1462.77    1470.32 0.0000e+00
       8592    336.000     1.7934     1.7924   3.073294   3.072534     2.1724      97.99     0.0281      0.261    6.86169    34.9792    34.9707    27.9714    1462.65    1470.30 0.0000e+00
       8618    337.000     1.7726     1.7722   3.071435   3.070736     2.1694      55.72     0.0289      0.274    6.86711    34.9782    34.9698    27.9722    1462.57    1470.28 0.0000e+00
       8644    338.000     1.7661     1.7657   3.070873   3.070203     2.1679      99.11     0.0297      0.250    6.86303    34.9777    34.9697    27.9723    1462.56    1470.25 0.0000e+00
       8668    339.000     1.7599     1.7607   3.070380   3.069803     2.1658      98.92     0.0274      0.242    6.86108    34.9778    34.9696    27.9728    1462.55    1470.23 0.0000e+00
       8690    340.000     1.7410     1.7414   3.068507   3.067895     2.1648      98.92     0.0245      0.366    6.87312    34.9745    34.9663    27.9716    1462.48    1470.21 0.0000e+00
       8713    341.000     1.6917     1.6913   3.064105   3.063411     2.1640      98.92     0.0229      0.240    6.87480    34.9728    34.9645    27.9741    1462.27    1470.19 0.0000e+00
