Physical_Data/CTD_Data/Example_Data/sta0472.cnv
* Sea-Bird SBE 9 Data File:
* FileName = C:\Seabird\CTDData\sta0472.hex
* Software Version Seasave V 7.21f
* Temperature SN = 4340
* Conductivity SN = 3012
* Number of Bytes Per Scan = 34
* Number of Voltage Words = 3
* Number of Scans Averaged by the Deck Unit = 1
* NMEA Latitude = 73 38.90 N
* NMEA Longitude = 007 52.73 E
* NMEA UTC (Time) = Jun 20 2016 07:58:48
* NMEA baud rate = 4800
** Ship: 10 F/F "G. O. Sars"
** Station: 0472
** Echodepth: 2462
** Log: 7650.124
** Wind-Dir Force: 23 12
** Air-temp (dry): 4.9
** Weather Sky: 2 5
** Sea Ice: 3 0
** Par light: 451
# nquan = 17                                
# nvalues = 2477                        
# units = specified
# name 0 = scan: Scan Count
# name 1 = prDM: Pressure, Digiquartz [db]
# name 2 = t068C: Temperature [ITS-68, deg C]
# name 3 = t168C: Temperature, 2 [ITS-68, deg C]
# name 4 = c0S/m: Conductivity [S/m]
# name 5 = c1S/m: Conductivity, 2 [S/m]
# name 6 = sbeox0V: Oxygen raw, SBE 43 [V]
# name 7 = altM: Altimeter [m]
# name 8 = flC: Fluorescence, Chelsea Aqua 3 Chl Con [ug/l]
# name 9 = seaTurbMtr: Turbidity, Seapoint [FTU]
# name 10 = sbeox0ML/L: Oxygen, SBE 43 [ml/l], WS = 2
# name 11 = sal00: Salinity, Practical [PSU]
# name 12 = sal11: Salinity, Practical, 2 [PSU]
# name 13 = sigma-t00: Density [sigma-t, Kg/m^3 ]
# name 14 = svCM: Sound Velocity [Chen-Millero, m/s]
# name 15 = avgsvCM: Average Sound Velocity [Chen-Millero, m/s], minP = 1, minS = 5
# name 16 = flag: flag
# span 0 =       1177,      72497       
# span 1 =      5.000,   2481.000       
# span 2 =    -0.7408,     6.2360       
# span 3 =    -0.7346,     6.2377       
# span 4 =   2.906807,   3.469960       
# span 5 =   2.908457,   3.469538       
# span 6 =     1.6192,     2.4902       
# span 7 =      10.89,      99.90       
# span 8 =     0.0073,     1.0414       
# span 9 =      0.135,      3.417       
# span 10 =    4.74118,    7.73389      
# span 11 =    34.9093,    35.1315      
# span 12 =    34.8953,    35.1251      
# span 13 =    27.6262,    28.0745      
# span 14 =    1460.15,    1486.92      
# span 15 =    1465.40,    1475.98      
# span 16 = 0.0000e+00, 0.0000e+00      
# interval = decibars: 1                
# start_time = Jun 20 2016 07:58:50 [System UTC, header]
# bad_flag = -9.990e-29
*END*
[from data line 596]
      15509    601.000     0.2888     0.4185   2.949422   2.959906     2.0314      98.91     0.0118      0.192    6.82019    34.9136    34.9046    28.0205    1460.17    1468.07 0.0000e+00
      15533    602.000     0.2853     0.4153   2.949157   2.959657     2.0303      98.91     0.0136      0.197    6.81519    34.9135    34.9043    28.0206    1460.17    1468.06 0.0000e+00
      15556    603.000     0.2834     0.4112   2.949044   2.959374     2.0299      98.90     0.0121      0.198    6.82158    34.9136    34.9047    28.0208    1460.17    1468.05 0.0000e+00
      15580    604.000     0.2806     0.4089   2.948856   2.959088     2.0290      98.91     0.0154      0.187    6.81622    34.9137    34.9029    28.0210    1460.18    1468.03 0.0000e+00
      15603    605.000     0.2792     0.4050   2.948769   2.958837     2.0286      98.91     0.0158      0.209    6.82039    34.9135    34.9035    28.0210    1460.19    1468.02 0.0000e+00
      15627    606.000     0.2749     0.3996   2.948443   2.958584     2.0279      98.90     0.0160      0.192    6.81449    34.9135    34.9057    28.0212    1460.18    1468.01 0.0000e+00
      15650    607.000     0.2722     0.4016   2.948252   2.958362     2.0275      98.90     0.0150      0.191    6.82223    34.9135    34.8999    28.0213    1460.19    1467.99 0.0000e+00
      15674    608.000     0.2673     0.3961   2.947848   2.958080     2.0271      98.90     0.0164      0.221    6.81367    34.9131    34.9018    28.0213    1460.18    1467.98 0.0000e+00
      15697    609.000     0.2604     0.3927   2.947314   2.957799     2.0263      98.90     0.0146      0.191    6.81484    34.9133    34.9014    28.0219    1460.17    1467.97 0.0000e+00
      15721    610.000     0.2567     0.3903   2.947031   2.957595     2.0260      98.91     0.0164      0.197    6.81659    34.9132    34.9009    28.0220    1460.17    1467.95 0.0000e+00
      15744    611.000     0.2537     0.3841   2.946815   2.957386     2.0252      98.90     0.0164      0.216    6.81297    34.9132    34.9045    28.0221    1460.17    1467.94 0.0000e+00
      15767    612.000     0.2505     0.3840   2.946576   2.957265     2.0249      98.90     0.0156      0.190    6.81897    34.9131    34.9025    28.0222    1460.17    1467.93 0.0000e+00
      15790    613.000     0.2466     0.3781   2.946279   2.957063     2.0247      98.91     0.0129      0.199    6.81595    34.9130    34.9059    28.0224    1460.17    1467.92 0.0000e+00
      15813    614.000     0.2462     0.3749   2.946294   2.956794     2.0238      98.90     0.0119      0.185    6.81251    34.9130    34.9054    28.0225    1460.18    1467.90 0.0000e+00
      15837    615.000     0.2440     0.3762   2.946152   2.956476     2.0238      98.90     0.0138      0.192    6.82564    34.9131    34.8992    28.0226    1460.19    1467.89 0.0000e+00
      15861    616.000     0.2418     0.3702   2.945998   2.956183     2.0238      98.90     0.0128      0.200    6.82026    34.9129    34.9015    28.0226    1460.20    1467.88 0.0000e+00
      15884    617.000     0.2401     0.3626   2.945906   2.955864     2.0233      98.91     0.0115      0.204    6.81067    34.9131    34.9053    28.0228    1460.21    1467.87 0.0000e+00
      15907    618.000     0.2387     0.3623   2.945826   2.955599     2.0226      98.91     0.0121      0.187    6.81192    34.9130    34.9016    28.0229    1460.22    1467.85 0.0000e+00
      15931    619.000     0.2346     0.3577   2.945513   2.955371     2.0222      98.90     0.0118      0.261    6.81610    34.9130    34.9033    28.0231    1460.21    1467.84 0.0000e+00
      15956    620.000     0.2335     0.3583   2.945464   2.955137     2.0221      98.90     0.0152      0.199    6.82103    34.9130    34.8989    28.0231    1460.22    1467.83 0.0000e+00
      15980    621.000     0.2322     0.3533   2.945404   2.954893     2.0219      98.90     0.0138      0.266    6.82518    34.9131    34.9008    28.0233    1460.23    1467.82 0.0000e+00
      16004    622.000     0.2296     0.3483   2.945219   2.954602     2.0222      98.91     0.0132      0.210    6.82854    34.9130    34.9020    28.0234    1460.24    1467.80 0.0000e+00
      16027    623.000     0.2250     0.3439   2.944849   2.954334     2.0221      98.90     0.0117      0.201    6.82731    34.9127    34.9029    28.0234    1460.23    1467.79 0.0000e+00
      16050    624.000     0.2185     0.3423   2.944336   2.954041     2.0222      98.91     0.0118      0.201    6.82442    34.9128    34.9003    28.0238    1460.22    1467.78 0.0000e+00
      16074    625.000     0.2126     0.3394   2.943863   2.953791     2.0217      98.91     0.0146      0.194    6.82710    34.9126    34.8997    28.0240    1460.21    1467.77 0.0000e+00
      16099    626.000     0.2072     0.3357   2.943446   2.953584     2.0217      98.90     0.0134      0.190    6.83318    34.9127    34.9006    28.0244    1460.20    1467.76 0.0000e+00
      16122    627.000     0.2043     0.3285   2.943246   2.953278     2.0220      98.90     0.0129      0.194    6.84631    34.9127    34.9041    28.0246    1460.21    1467.74 0.0000e+00
      16145    628.000     0.2039     0.3256   2.943248   2.953044     2.0225      98.91     0.0154      0.195    6.84575    34.9126    34.9037    28.0245    1460.22    1467.73 0.0000e+00
      16169    629.000     0.1960     0.3263   2.942601   2.952866     2.0227      98.90     0.0146      0.185    6.84083    34.9125    34.9000    28.0248    1460.20    1467.72 0.0000e+00
      16193    630.000     0.1937     0.3210   2.942453   2.952607     2.0225      98.90     0.0151      0.185    6.83479    34.9125    34.9020    28.0250    1460.21    1467.71 0.0000e+00
      16218    631.000     0.1914     0.3189   2.942295   2.952364     2.0219      98.90     0.0143      0.189    6.82259    34.9125    34.9006    28.0251    1460.21    1467.70 0.0000e+00
      16242    632.000     0.1902     0.3092   2.942253   2.952126     2.0209      98.90     0.0135      0.187    6.81784    34.9127    34.9078    28.0253    1460.22    1467.68 0.0000e+00
      16266    633.000     0.1873     0.3079   2.942017   2.951836     2.0200      98.90     0.0158      0.197    6.80942    34.9123    34.9049    28.0252    1460.23    1467.67 0.0000e+00
      16290    634.000     0.1820     0.3069   2.941630   2.951689     2.0185      87.34     0.0147      0.199    6.81843    34.9126    34.9036    28.0257    1460.22    1467.66 0.0000e+00
      16313    635.000     0.1803     0.3020   2.941517   2.951553     2.0189      98.95     0.0180      0.184    6.83845    34.9124    34.9067    28.0257    1460.23    1467.65 0.0000e+00
      16337    636.000     0.1787     0.3014   2.941417   2.951349     2.0190      98.91     0.0176      0.182    6.83625    34.9123    34.9041    28.0257    1460.24    1467.64 0.0000e+00
      16361    637.000     0.1768     0.3012   2.941299   2.951108     2.0190      98.90     0.0165      0.213    6.82983    34.9123    34.9006    28.0258    1460.24    1467.63 0.0000e+00
      16384    638.000     0.1754     0.2969   2.941229   2.950835     2.0183      63.47     0.0113      0.190    6.83697    34.9124    34.9013    28.0260    1460.25    1467.61 0.0000e+00
      16408    639.000     0.1748     0.2944   2.941213   2.950650     2.0198      93.93     0.0109      0.184    6.86906    34.9123    34.9011    28.0259    1460.27    1467.60 0.0000e+00
      16431    640.000     0.1740     0.2889   2.941194   2.950467     2.0203      98.93     0.0113      0.196    6.85501    34.9124    34.9043    28.0260    1460.28    1467.59 0.0000e+00
      16454    641.000     0.1715     0.2882   2.941034   2.950267     2.0208      98.91     0.0126      0.195    6.86088    34.9125    34.9019    28.0263    1460.29    1467.58 0.0000e+00
      16478    642.000     0.1738     0.2862   2.941274   2.949955     2.0215      98.90     0.0130      0.185    6.86329    34.9125    34.8995    28.0261    1460.31    1467.57 0.0000e+00
      16502    643.000     0.1740     0.2782   2.941338   2.949652     2.0218      98.90     0.0125      0.189    6.86833    34.9125    34.9040    28.0261    1460.33    1467.56 0.0000e+00
      16527    644.000     0.1731     0.2752   2.941299   2.949475     2.0226      98.90     0.0134      0.188    6.86720    34.9124    34.9044    28.0261    1460.34    1467.55 0.0000e+00
      16552    645.000     0.1732     0.2747   2.941360   2.949297     2.0227      98.91     0.0133      0.186    6.86078    34.9125    34.9021    28.0262    1460.36    1467.53 0.0000e+00
      16576    646.000     0.1730     0.2725   2.941396   2.949044     2.0226      98.90     0.0135      0.194    6.85508    34.9126    34.9007    28.0263    1460.37    1467.52 0.0000e+00
      16599    647.000     0.1728     0.2707   2.941404   2.948737     2.0222      98.90     0.0143      0.194    6.85858    34.9124    34.8981    28.0261    1460.39    1467.51 0.0000e+00
      16622    648.000     0.1643     0.2632   2.940709   2.948487     2.0225      98.90     0.0165      0.186    6.87103    34.9123    34.9027    28.0265    1460.37    1467.50 0.0000e+00
      16647    649.000     0.1623     0.2629   2.940594   2.948315     2.0227      98.91     0.0147      0.193    6.86817    34.9124    34.9002    28.0267    1460.37    1467.49 0.0000e+00
      16672    650.000     0.1625     0.2610   2.940663   2.948123     2.0226      98.91     0.0105      0.196    6.86588    34.9125    34.8992    28.0268    1460.39    1467.48 0.0000e+00
      16696    651.000     0.1629     0.2556   2.940743   2.947876     2.0227      98.90     0.0104      0.181    6.86524    34.9125    34.9015    28.0268    1460.41    1467.47 0.0000e+00
      16721    652.000     0.1608     0.2532   2.940611   2.947659     2.0222      98.90     0.0139      0.188    6.85218    34.9126    34.9008    28.0269    1460.42    1467.46 0.0000e+00
      16745    653.000     0.1597     0.2497   2.940561   2.947397     2.0214      98.90     0.0168      0.192    6.84632    34.9126    34.9007    28.0270    1460.43    1467.45 0.0000e+00
      16769    654.000     0.1592     0.2476   2.940566   2.947169     2.0203      98.90     0.0171      0.207    6.83487    34.9126    34.8995    28.0271    1460.44    1467.44 0.0000e+00
      16793    655.000     0.1549     0.2433   2.940236   2.946996     2.0190      98.90     0.0140      0.197    6.83427    34.9126    34.9015    28.0272    1460.44    1467.43 0.0000e+00
      16816    656.000     0.1537     0.2394   2.940186   2.946817     2.0181      98.90     0.0131      0.186    6.82594    34.9127    34.9030    28.0274    1460.45    1467.41 0.0000e+00
      16840    657.000     0.1524     0.2396   2.940103   2.946642     2.0166      98.91     0.0155      0.186    6.81954    34.9125    34.8999    28.0273    1460.46    1467.40 0.0000e+00
      16865    658.000     0.1514     0.2352   2.940073   2.946522     2.0154      98.90     0.0149      0.188    6.82039    34.9126    34.9027    28.0275    1460.47    1467.39 0.0000e+00
      16890    659.000     0.1500     0.2329   2.939980   2.946381     2.0142      98.91     0.0150      0.215    6.82019    34.9124    34.9028    28.0274    1460.48    1467.38 0.0000e+00
      16914    660.000     0.1473     0.2309   2.939788   2.946247     2.0134      98.91     0.0125      0.187    6.82204    34.9123    34.9027    28.0275    1460.49    1467.37 0.0000e+00
      16937    661.000     0.1400     0.2272   2.939173   2.946075     2.0130      98.91     0.0136      0.186    6.83204    34.9119    34.9041    28.0275    1460.47    1467.36 0.0000e+00
      16960    662.000     0.1339     0.2272   2.938677   2.945997     2.0127      98.91     0.0141      0.183    6.83403    34.9117    34.9025    28.0277    1460.46    1467.35 0.0000e+00
      16985    663.000     0.1317     0.2241   2.938545   2.945867     2.0127      98.91     0.0156      0.198    6.84348    34.9119    34.9037    28.0280    1460.46    1467.34 0.0000e+00
      17010    664.000     0.1300     0.2234   2.938448   2.945733     2.0130      98.90     0.0196      0.190    6.85920    34.9119    34.9021    28.0281    1460.47    1467.33 0.0000e+00
      17035    665.000     0.1299     0.2210   2.938495   2.945539     2.0145      98.91     0.0153      0.189    6.88930    34.9121    34.9017    28.0282    1460.49    1467.32 0.0000e+00
      17058    666.000     0.1307     0.2179   2.938641   2.945389     2.0165      98.90     0.0115      0.187    6.90066    34.9125    34.9027    28.0285    1460.51    1467.31 0.0000e+00
      17082    667.000     0.1298     0.2148   2.938602   2.945231     2.0182      98.91     0.0119      0.189    6.89857    34.9124    34.9035    28.0285    1460.52    1467.30 0.0000e+00
      17107    668.000     0.1275     0.2143   2.938462   2.945118     2.0193      98.90     0.0146      0.186    6.89514    34.9126    34.9020    28.0288    1460.53    1467.29 0.0000e+00
      17131    669.000     0.1244     0.2110   2.938200   2.944981     2.0201      98.90     0.0109      0.189    6.88036    34.9121    34.9033    28.0285    1460.53    1467.28 0.0000e+00
      17156    670.000     0.1142     0.2109   2.937357   2.944868     2.0194      98.91     0.0104      0.186    6.86239    34.9119    34.9014    28.0290    1460.50    1467.27 0.0000e+00
      17180    671.000     0.1096     0.2097   2.937007   2.944742     2.0183      98.91     0.0161      0.183    6.84897    34.9119    34.9005    28.0292    1460.49    1467.26 0.0000e+00
      17205    672.000     0.1081     0.2066   2.936928   2.944596     2.0165      98.90     0.0141      0.191    6.83785    34.9120    34.9015    28.0294    1460.50    1467.25 0.0000e+00
      17230    673.000     0.1055     0.2058   2.936732   2.944495     2.0155      98.90     0.0106      0.229    6.85962    34.9118    34.9005    28.0293    1460.51    1467.24 0.0000e+00
      17254    674.000     0.1033     0.2026   2.936591   2.944361     2.0155      98.90     0.0094      0.186    6.86925    34.9118    34.9018    28.0295    1460.51    1467.23 0.0000e+00
      17277    675.000     0.0992     0.1999   2.936299   2.944166     2.0156      98.91     0.0103      0.183    6.88013    34.9120    34.9017    28.0299    1460.51    1467.22 0.0000e+00
      17300    676.000     0.1009     0.1962   2.936527   2.943966     2.0163      98.91     0.0133      0.197    6.88413    34.9125    34.9026    28.0302    1460.54    1467.21 0.0000e+00
      17325    677.000     0.1018     0.1954   2.936653   2.943850     2.0165      98.90     0.0148      0.186    6.87407    34.9126    34.9014    28.0302    1460.56    1467.20 0.0000e+00
      17350    678.000     0.1015     0.1929   2.936680   2.943777     2.0162      98.91     0.0149      0.184    6.86314    34.9127    34.9027    28.0303    1460.57    1467.19 0.0000e+00
      17374    679.000     0.1033     0.1907   2.936895   2.943623     2.0151      91.25     0.0143      0.217    6.84245    34.9129    34.9026    28.0304    1460.60    1467.18 0.0000e+00
      17397    680.000     0.1034     0.1880   2.936937   2.943405     2.0140      92.15     0.0121      0.186    6.85030    34.9127    34.9022    28.0302    1460.62    1467.17 0.0000e+00
      17420    681.000     0.0982     0.1880   2.936534   2.943258     2.0132      98.95     0.0129      0.206    6.83334    34.9127    34.8997    28.0305    1460.61    1467.16 0.0000e+00
      17444    682.000     0.0923     0.1843   2.936074   2.943183     2.0111      98.91     0.0129      0.186    6.80746    34.9128    34.9023    28.0309    1460.60    1467.15 0.0000e+00
      17468    683.000     0.0892     0.1828   2.935862   2.943100     2.0084      89.60     0.0187      0.196    6.78492    34.9129    34.9023    28.0311    1460.60    1467.14 0.0000e+00
      17493    684.000     0.0879     0.1801   2.935791   2.942996     2.0057      66.75     0.0182      0.185    6.80282    34.9128    34.9034    28.0312    1460.61    1467.13 0.0000e+00
