Physical_Data/CTD_Data/Example_Data/sta0473.cnv
* Sea-Bird SBE 9 Data File:
* FileName = C:\Seabird\CTDData\sta0473.hex
* Software Version Seasave V 7.21f
* Temperature SN = 4340
* Conductivity SN = 3012
* Number of Bytes Per Scan = 34
* Number of Voltage Words = 3
* Number of Scans Averaged by the Deck Unit = 1
* NMEA Latitude = 73 48.12 N
* NMEA Longitude = 007 34.34 E
* NMEA UTC (Time) = Jun 22 2016 04:03:40
* NMEA baud rate = 4800
** Ship: 10 F/F "G. O. Sars"
** Station: 0473
** Echodepth: 1241
** Log: 7733.689
** Wind-Dir Force: 20 07
** Air-temp (dry): 4.3
** Weather Sky: 2 5
** Sea Ice: 3 0
** Par light: 451
# nquan = 17                                
# nvalues = 1240                        
# units = specified
# name 0 = scan: Scan Count
# name 1 = prDM: Pressure, Digiquartz [db]
# name 2 = t068C: Temperature [ITS-68, deg C]
# name 3 = t168C: Temperature, 2 [ITS-68, deg C]
# name 4 = c0S/m: Conductivity [S/m]
# name 5 = c1S/m: Conductivity, 2 [S/m]
# name 6 = sbeox0V: Oxygen raw, SBE 43 [V]
# name 7 = altM: Altimeter [m]
# name 8 = flC: Fluorescence, Chelsea Aqua 3 Chl Con [ug/l]
# name 9 = seaTurbMtr: Turbidity, Seapoint [FTU]
# name 10 = sbeox0ML/L: Oxygen, SBE 43 [ml/l], WS = 2
# name 11 = sal00: Salinity, Practical [PSU]
# name 12 = sal11: Salinity, Practical, 2 [PSU]
# name 13 = sigma-t00: Density [sigma-t, Kg/m^3 ]
# name 14 = svCM: Sound Velocity [Chen-Millero, m/s]
# name 15 = avgsvCM: Average Sound Velocity [Chen-Millero, m/s], minP = 1, minS = 5
# name 16 = flag: flag
# span 0 =        733,      32537       
# span 1 =      4.000,   1243.000       
# span 2 =    -0.6263,     6.6014       
# span 3 =    -0.6276,     6.6047       
# span 4 =   2.895265,   3.503527       
# span 5 =   2.896936,   3.503235       
# span 6 =     1.8367,     2.5741       
# span 7 =       8.31,      99.63       
# span 8 =     0.0063,     1.1930       
# span 9 =      0.150,      3.608       
# span 10 =    6.57988,    7.35348      
# span 11 =    34.9097,    35.1320      
# span 12 =    34.8963,    35.1249      
# span 13 =    27.5772,    28.0659      
# span 14 =    1458.55,    1477.33      
# span 15 =    1463.90,    1477.33      
# span 16 = 0.0000e+00, 0.0000e+00      
# interval = decibars: 1                
# start_time = Jun 22 2016 04:03:42 [System UTC, header]
# bad_flag = -9.990e-29
*END*
[from data line 937]
      23193    941.000    -0.4090    -0.3803   2.904588   2.906166     1.9272      98.91     0.0142      0.177    6.79604    34.9131    34.9015    28.0570    1462.56    1463.98 0.0000e+00
      23217    942.000    -0.4089    -0.3799   2.904638   2.906127     1.9271      98.91     0.0148      0.164    6.79438    34.9131    34.9000    28.0570    1462.57    1463.98 0.0000e+00
      23242    943.000    -0.4091    -0.3808   2.904660   2.906097     1.9267      98.91     0.0127      0.168    6.79494    34.9130    34.9000    28.0570    1462.59    1463.98 0.0000e+00
      23267    944.000    -0.4097    -0.3816   2.904655   2.906103     1.9266      98.90     0.0144      0.167    6.79869    34.9131    34.9004    28.0570    1462.60    1463.97 0.0000e+00
      23291    945.000    -0.4103    -0.3830   2.904644   2.906077     1.9265      98.91     0.0155      0.168    6.79954    34.9130    34.9011    28.0570    1462.62    1463.97 0.0000e+00
      23314    946.000    -0.4110    -0.3836   2.904622   2.906050     1.9265      98.91     0.0142      0.173    6.80158    34.9129    34.9008    28.0570    1462.63    1463.97 0.0000e+00
      23338    947.000    -0.4120    -0.3839   2.904583   2.906049     1.9265      98.91     0.0154      0.164    6.80146    34.9130    34.9006    28.0571    1462.64    1463.97 0.0000e+00
      23363    948.000    -0.4124    -0.3848   2.904589   2.906037     1.9264      98.91     0.0161      0.248    6.79963    34.9129    34.9008    28.0570    1462.66    1463.97 0.0000e+00
      23387    949.000    -0.4134    -0.3852   2.904547   2.906011     1.9262      98.90     0.0187      0.162    6.80350    34.9129    34.9004    28.0571    1462.67    1463.97 0.0000e+00
      23410    950.000    -0.4147    -0.3861   2.904470   2.905978     1.9263      98.91     0.0179      0.199    6.79677    34.9128    34.9004    28.0570    1462.68    1463.97 0.0000e+00
      23432    951.000    -0.4160    -0.3874   2.904393   2.905942     1.9255      79.02     0.0130      0.166    6.78660    34.9127    34.9008    28.0570    1462.69    1463.96 0.0000e+00
      23456    952.000    -0.4167    -0.3883   2.904388   2.905930     1.9254      85.56     0.0146      0.173    6.80265    34.9128    34.9011    28.0572    1462.70    1463.96 0.0000e+00
      23480    953.000    -0.4182    -0.3891   2.904295   2.905930     1.9249      99.13     0.0145      0.169    6.78254    34.9127    34.9014    28.0571    1462.71    1463.96 0.0000e+00
      23505    954.000    -0.4176    -0.3894   2.904406   2.905928     1.9239      98.91     0.0129      0.201    6.77825    34.9129    34.9011    28.0573    1462.73    1463.96 0.0000e+00
      23528    955.000    -0.4196    -0.3898   2.904243   2.905910     1.9234      98.91     0.0139      0.165    6.78937    34.9124    34.9008    28.0570    1462.74    1463.96 0.0000e+00
      23551    956.000    -0.4205    -0.3914   2.904229   2.905881     1.9231      98.91     0.0152      0.163    6.79066    34.9127    34.9016    28.0572    1462.75    1463.96 0.0000e+00
      23575    957.000    -0.4236    -0.3917   2.903989   2.905877     1.9229      98.91     0.0161      0.176    6.79381    34.9124    34.9013    28.0572    1462.75    1463.96 0.0000e+00
      23599    958.000    -0.4253    -0.3918   2.903892   2.905876     1.9231      98.90     0.0157      0.170    6.80262    34.9125    34.9008    28.0573    1462.76    1463.96 0.0000e+00
      23622    959.000    -0.4253    -0.3922   2.903930   2.905866     1.9229      98.91     0.0158      0.170    6.79235    34.9124    34.9006    28.0573    1462.78    1463.95 0.0000e+00
      23645    960.000    -0.4252    -0.3933   2.903975   2.905873     1.9227      98.90     0.0154      0.170    6.79453    34.9123    34.9013    28.0572    1462.79    1463.95 0.0000e+00
      23669    961.000    -0.4270    -0.3940   2.903870   2.905855     1.9225      98.91     0.0148      0.164    6.79637    34.9124    34.9013    28.0573    1462.80    1463.95 0.0000e+00
      23693    962.000    -0.4258    -0.3945   2.904024   2.905850     1.9224      98.91     0.0111      0.166    6.79499    34.9125    34.9012    28.0573    1462.83    1463.95 0.0000e+00
      23717    963.000    -0.4255    -0.3952   2.904080   2.905846     1.9221      98.91     0.0089      0.183    6.78629    34.9123    34.9014    28.0572    1462.84    1463.95 0.0000e+00
      23741    964.000    -0.4281    -0.3962   2.903895   2.905812     1.9214      98.91     0.0116      0.167    6.78515    34.9122    34.9015    28.0572    1462.85    1463.95 0.0000e+00
      23764    965.000    -0.4288    -0.3974   2.903889   2.905802     1.9211      98.91     0.0111      0.167    6.78621    34.9124    34.9021    28.0574    1462.86    1463.95 0.0000e+00
      23787    966.000    -0.4291    -0.3979   2.903888   2.905807     1.9205      97.40     0.0099      0.167    6.77711    34.9121    34.9022    28.0572    1462.88    1463.95 0.0000e+00
      23810    967.000    -0.4300    -0.3984   2.903874   2.905804     1.9200      92.77     0.0119      0.171    6.78953    34.9124    34.9021    28.0574    1462.89    1463.94 0.0000e+00
      23834    968.000    -0.4311    -0.3980   2.903797   2.905760     1.9199      98.99     0.0114      0.171    6.79032    34.9120    34.9005    28.0572    1462.90    1463.94 0.0000e+00
      23858    969.000    -0.4330    -0.3986   2.903677   2.905728     1.9196      98.91     0.0129      0.168    6.78179    34.9120    34.9002    28.0573    1462.91    1463.94 0.0000e+00
      23882    970.000    -0.4379    -0.3996   2.903277   2.905698     1.9190      98.90     0.0115      0.163    6.78242    34.9117    34.9004    28.0572    1462.90    1463.94 0.0000e+00
      23906    971.000    -0.4397    -0.4005   2.903180   2.905678     1.9187      98.91     0.0146      0.195    6.77973    34.9118    34.9005    28.0575    1462.91    1463.94 0.0000e+00
      23930    972.000    -0.4412    -0.4024   2.903093   2.905645     1.9178      98.90     0.0134      0.174    6.78031    34.9118    34.9017    28.0575    1462.92    1463.94 0.0000e+00
      23953    973.000    -0.4427    -0.4029   2.903007   2.905598     1.9180      98.91     0.0092      0.174    6.78624    34.9118    34.9010    28.0576    1462.93    1463.94 0.0000e+00
      23976    974.000    -0.4437    -0.4047   2.902970   2.905568     1.9175      98.91     0.0100      0.169    6.78046    34.9118    34.9021    28.0577    1462.94    1463.94 0.0000e+00
      23999    975.000    -0.4450    -0.4053   2.902896   2.905521     1.9171      98.91     0.0136      0.165    6.77270    34.9118    34.9016    28.0576    1462.95    1463.94 0.0000e+00
      24022    976.000    -0.4452    -0.4060   2.902929   2.905488     1.9163      98.90     0.0119      0.166    6.77289    34.9118    34.9014    28.0577    1462.97    1463.94 0.0000e+00
      24046    977.000    -0.4451    -0.4062   2.902984   2.905458     1.9158      98.91     0.0127      0.169    6.77279    34.9119    34.9006    28.0578    1462.98    1463.93 0.0000e+00
      24071    978.000    -0.4451    -0.4070   2.903019   2.905452     1.9153      98.91     0.0111      0.173    6.77299    34.9118    34.9008    28.0577    1463.00    1463.93 0.0000e+00
      24096    979.000    -0.4464    -0.4077   2.902950   2.905428     1.9150      98.91     0.0120      0.187    6.77577    34.9117    34.9007    28.0577    1463.01    1463.93 0.0000e+00
      24119    980.000    -0.4481    -0.4085   2.902858   2.905393     1.9145      98.91     0.0162      0.376    6.76918    34.9119    34.9006    28.0579    1463.02    1463.93 0.0000e+00
      24142    981.000    -0.4487    -0.4103   2.902846   2.905345     1.9141      98.91     0.0168      0.175    6.77343    34.9118    34.9014    28.0579    1463.03    1463.93 0.0000e+00
      24164    982.000    -0.4494    -0.4112   2.902827   2.905303     1.9139      98.91     0.0178      0.166    6.77909    34.9118    34.9013    28.0579    1463.05    1463.93 0.0000e+00
      24187    983.000    -0.4523    -0.4121   2.902610   2.905264     1.9138      98.90     0.0135      0.178    6.77862    34.9116    34.9012    28.0579    1463.05    1463.93 0.0000e+00
      24211    984.000    -0.4553    -0.4132   2.902400   2.905206     1.9136      98.91     0.0117      0.178    6.77505    34.9116    34.9011    28.0580    1463.05    1463.93 0.0000e+00
      24236    985.000    -0.4585    -0.4138   2.902159   2.905162     1.9131      98.91     0.0146      0.168    6.77029    34.9115    34.9007    28.0581    1463.05    1463.93 0.0000e+00
      24261    986.000    -0.4619    -0.4147   2.901906   2.905107     1.9127      98.91     0.0138      0.186    6.77578    34.9114    34.9004    28.0582    1463.05    1463.93 0.0000e+00
      24285    987.000    -0.4684    -0.4161   2.901354   2.905043     1.9125      98.91     0.0174      0.166    6.77665    34.9109    34.9005    28.0580    1463.04    1463.93 0.0000e+00
      24307    988.000    -0.4704    -0.4177   2.901241   2.904944     1.9122      98.91     0.0171      0.195    6.78147    34.9110    34.9004    28.0583    1463.05    1463.92 0.0000e+00
      24329    989.000    -0.4700    -0.4185   2.901307   2.904887     1.9124      98.91     0.0153      0.166    6.78189    34.9109    34.9000    28.0581    1463.06    1463.92 0.0000e+00
      24353    990.000    -0.4724    -0.4191   2.901141   2.904823     1.9118      98.91     0.0166      0.173    6.76975    34.9108    34.8993    28.0582    1463.07    1463.92 0.0000e+00
      24377    991.000    -0.4724    -0.4202   2.901186   2.904778     1.9115      98.91     0.0176      0.173    6.77134    34.9108    34.8993    28.0582    1463.09    1463.92 0.0000e+00
      24401    992.000    -0.4737    -0.4215   2.901112   2.904734     1.9107      98.91     0.0210      0.173    6.75992    34.9108    34.8996    28.0582    1463.10    1463.92 0.0000e+00
      24424    993.000    -0.4752    -0.4229   2.901040   2.904693     1.9099      98.91     0.0187      0.169    6.75821    34.9109    34.9001    28.0584    1463.11    1463.92 0.0000e+00
      24447    994.000    -0.4754    -0.4234   2.901067   2.904629     1.9094      98.91     0.0160      0.171    6.75749    34.9109    34.8992    28.0584    1463.12    1463.92 0.0000e+00
      24471    995.000    -0.4750    -0.4248   2.901145   2.904567     1.9084      98.91     0.0171      0.172    6.74429    34.9109    34.8994    28.0584    1463.14    1463.92 0.0000e+00
      24495    996.000    -0.4751    -0.4258   2.901177   2.904531     1.9073      98.91     0.0181      0.171    6.74686    34.9109    34.8995    28.0584    1463.16    1463.92 0.0000e+00
      24520    997.000    -0.4754    -0.4264   2.901192   2.904487     1.9065      98.91     0.0159      0.169    6.74284    34.9108    34.8990    28.0584    1463.17    1463.92 0.0000e+00
      24544    998.000    -0.4764    -0.4279   2.901156   2.904432     1.9056      98.91     0.0159      0.177    6.74553    34.9109    34.8994    28.0585    1463.18    1463.92 0.0000e+00
      24567    999.000    -0.4773    -0.4293   2.901109   2.904358     1.9053      98.91     0.0154      0.166    6.74956    34.9107    34.8994    28.0584    1463.20    1463.92 0.0000e+00
      24590   1000.000    -0.4779    -0.4304   2.901107   2.904246     1.9046      98.91     0.0164      0.164    6.74563    34.9108    34.8986    28.0584    1463.21    1463.92 0.0000e+00
      24612   1001.000    -0.4789    -0.4322   2.901047   2.904107     1.9044      98.91     0.0156      0.175    6.75114    34.9106    34.8982    28.0583    1463.22    1463.91 0.0000e+00
      24635   1002.000    -0.4824    -0.4340   2.900793   2.903993     1.9041      98.91     0.0129      0.172    6.75177    34.9106    34.8982    28.0585    1463.22    1463.91 0.0000e+00
      24659   1003.000    -0.4838    -0.4365   2.900717   2.903883     1.9035      98.91     0.0137      0.169    6.73948    34.9106    34.8990    28.0585    1463.23    1463.91 0.0000e+00
      24685   1004.000    -0.4850    -0.4371   2.900664   2.903780     1.9030      98.91     0.0149      0.165    6.75014    34.9107    34.8977    28.0587    1463.24    1463.91 0.0000e+00
      24709   1005.000    -0.4851    -0.4385   2.900694   2.903672     1.9028      98.91     0.0132      0.183    6.74466    34.9106    34.8973    28.0586    1463.26    1463.91 0.0000e+00
      24732   1006.000    -0.4854    -0.4409   2.900725   2.903559     1.9022      98.91     0.0118      0.179    6.73936    34.9108    34.8979    28.0588    1463.27    1463.91 0.0000e+00
      24754   1007.000    -0.4853    -0.4434   2.900763   2.903428     1.9018      98.90     0.0111      0.173    6.74446    34.9106    34.8984    28.0586    1463.29    1463.91 0.0000e+00
      24776   1008.000    -0.4863    -0.4456   2.900725   2.903287     1.9016      98.90     0.0136      0.168    6.74394    34.9106    34.8985    28.0587    1463.30    1463.91 0.0000e+00
      24801   1009.000    -0.4863    -0.4473   2.900772   2.903221     1.9009      93.25     0.0129      0.194    6.73716    34.9107    34.8990    28.0587    1463.32    1463.91 0.0000e+00
      24826   1010.000    -0.4865    -0.4477   2.900797   2.903195     1.9007      98.97     0.0115      0.169    6.74397    34.9107    34.8985    28.0587    1463.34    1463.91 0.0000e+00
      24850   1011.000    -0.4871    -0.4492   2.900775   2.903119     1.9005      98.91     0.0118      0.170    6.74776    34.9105    34.8986    28.0586    1463.35    1463.91 0.0000e+00
      24872   1012.000    -0.4875    -0.4511   2.900793   2.903039     1.9002      98.91     0.0131      0.174    6.73406    34.9106    34.8991    28.0587    1463.36    1463.91 0.0000e+00
      24895   1013.000    -0.4886    -0.4529   2.900745   2.902957     1.8995      98.90     0.0129      0.172    6.73543    34.9106    34.8995    28.0588    1463.38    1463.91 0.0000e+00
      24919   1014.000    -0.4913    -0.4544   2.900529   2.902915     1.8993      98.91     0.0155      0.351    6.74425    34.9102    34.9001    28.0586    1463.38    1463.91 0.0000e+00
      24944   1015.000    -0.4923    -0.4543   2.900512   2.902876     1.8991      98.90     0.0150      0.169    6.74455    34.9106    34.8989    28.0589    1463.39    1463.91 0.0000e+00
      24967   1016.000    -0.4931    -0.4551   2.900480   2.902816     1.8989      98.91     0.0107      0.189    6.73603    34.9105    34.8984    28.0589    1463.40    1463.91 0.0000e+00
      24990   1017.000    -0.4943    -0.4571   2.900406   2.902753     1.8982      98.90     0.0100      0.170    6.73397    34.9103    34.8992    28.0588    1463.41    1463.91 0.0000e+00
      25013   1018.000    -0.4966    -0.4578   2.900267   2.902702     1.8981      98.91     0.0119      0.169    6.74273    34.9104    34.8988    28.0590    1463.42    1463.90 0.0000e+00
      25036   1019.000    -0.4963    -0.4579   2.900333   2.902642     1.8979      98.91     0.0110      0.170    6.73742    34.9104    34.8975    28.0590    1463.44    1463.90 0.0000e+00
      25060   1020.000    -0.4962    -0.4604   2.900388   2.902566     1.8969      61.95     0.0129      0.177    6.71968    34.9104    34.8988    28.0590    1463.46    1463.90 0.0000e+00
      25085   1021.000    -0.4957    -0.4611   2.900465   2.902530     1.8968      81.27     0.0185      0.193    6.74944    34.9103    34.8985    28.0589    1463.47    1463.90 0.0000e+00
      25108   1022.000    -0.4956    -0.4626   2.900529   2.902483     1.8967      99.06     0.0189      0.167    6.73276    34.9105    34.8990    28.0590    1463.49    1463.90 0.0000e+00
      25131   1023.000    -0.4962    -0.4645   2.900512   2.902438     1.8963      98.90     0.0204      0.174    6.72668    34.9104    34.9000    28.0589    1463.51    1463.90 0.0000e+00
      25154   1024.000    -0.4972    -0.4654   2.900475   2.902420     1.8955      98.91     0.0168      0.170    6.72256    34.9104    34.9002    28.0590    1463.52    1463.90 0.0000e+00
