Physical_Data/CTD_Data/Example_Data/sta0476.cnv
* Sea-Bird SBE 9 Data File:
* FileName = C:\Seabird\CTDData\sta0476.hex
* Software Version Seasave V 7.21f
* Temperature SN = 4340
* Conductivity SN = 3012
* Number of Bytes Per Scan = 34
* Number of Voltage Words = 3
* Number of Scans Averaged by the Deck Unit = 1
* NMEA Latitude = 73 49.23 N
* NMEA Longitude = 007 30.18 E
* NMEA UTC (Time) = Jun 22 2016 07:38:07
* NMEA baud rate = 4800
** Ship: 10 F/F "G. O. Sars"
** Station: 0476
** Echodepth: 780
** Log: 7736.101
** Wind-Dir Force: 18 04
** Air-temp (dry): 7.7
** Weather Sky: 2 5
** Sea Ice: 2 0
** Par light: 451
# nquan = 17                                
# nvalues = 785                         
# units = specified
# name 0 = scan: Scan Count
# name 1 = prDM: Pressure, Digiquartz [db]
# name 2 = t068C: Temperature [ITS-68, deg C]
# name 3 = t168C: Temperature, 2 [ITS-68, deg C]
# name 4 = c0S/m: Conductivity [S/m]
# name 5 = c1S/m: Conductivity, 2 [S/m]
# name 6 = sbeox0V: Oxygen raw, SBE 43 [V]
# name 7 = altM: Altimeter [m]
# name 8 = flC: Fluorescence, Chelsea Aqua 3 Chl Con [ug/l]
# name 9 = seaTurbMtr: Turbidity, Seapoint [FTU]
# name 10 = sbeox0ML/L: Oxygen, SBE 43 [ml/l], WS = 2
# name 11 = sal00: Salinity, Practical [PSU]
# name 12 = sal11: Salinity, Practical, 2 [PSU]
# name 13 = sigma-t00: Density [sigma-t, Kg/m^3 ]
# name 14 = svCM: Sound Velocity [Chen-Millero, m/s]
# name 15 = avgsvCM: Average Sound Velocity [Chen-Millero, m/s], minP = 1, minS = 5
# name 16 = flag: flag
# span 0 =        440,      21109       
# span 1 =      3.000,    787.000       
# span 2 =    -0.3679,     6.0373       
# span 3 =    -0.3638,     6.0440       
# span 4 =   2.901237,   3.450268       
# span 5 =   2.904915,   3.449986       
# span 6 =     1.9464,     2.5586       
# span 7 =       7.21,      99.36       
# span 8 =     0.0084,     0.8536       
# span 9 =      0.166,      2.464       
# span 10 =    6.60829,    7.36758      
# span 11 =    34.9107,    35.1201      
# span 12 =    34.8979,    35.1106      
# span 13 =    27.6400,    28.0542      
# span 14 =    1457.52,    1475.08      
# span 15 =    1463.13,    1475.08      
# span 16 = 0.0000e+00, 0.0000e+00      
# interval = decibars: 1                
# start_time = Jun 22 2016 07:38:09 [System UTC, header]
# bad_flag = -9.990e-29
*END*
[from data line 341]
       8683    344.000     1.4406     1.4399   3.041715   3.041011     2.1629      98.92     0.0247      0.234    6.93538    34.9655    34.9574    27.9870    1461.20    1468.92 0.0000e+00
       8706    345.000     1.4379     1.4377   3.041503   3.040851     2.1625      98.92     0.0225      0.248    6.92933    34.9653    34.9572    27.9870    1461.21    1468.89 0.0000e+00
       8730    346.000     1.4315     1.4322   3.040954   3.040373     2.1614      98.93     0.0200      0.239    6.93141    34.9648    34.9566    27.9871    1461.19    1468.87 0.0000e+00
       8753    347.000     1.4189     1.4180   3.039790   3.039054     2.1614      98.92     0.0232      0.293    6.94369    34.9634    34.9550    27.9869    1461.15    1468.85 0.0000e+00
       8776    348.000     1.3962     1.3959   3.037802   3.037139     2.1613      98.93     0.0240      0.237    6.94501    34.9627    34.9546    27.9880    1461.07    1468.83 0.0000e+00
       8800    349.000     1.3873     1.3875   3.036993   3.036363     2.1608      98.93     0.0228      0.230    6.93838    34.9618    34.9535    27.9878    1461.04    1468.80 0.0000e+00
       8824    350.000     1.3731     1.3727   3.035712   3.035040     2.1602      98.92     0.0219      0.227    6.94592    34.9606    34.9525    27.9880    1460.99    1468.78 0.0000e+00
       8848    351.000     1.3476     1.3475   3.033367   3.032717     2.1599      98.92     0.0256      0.229    6.94075    34.9585    34.9503    27.9881    1460.89    1468.76 0.0000e+00
       8871    352.000     1.3230     1.3223   3.031172   3.030438     2.1586      98.92     0.0260      0.233    6.92265    34.9573    34.9487    27.9889    1460.80    1468.74 0.0000e+00
       8894    353.000     1.3038     1.3037   3.029463   3.028806     2.1562      64.28     0.0212      0.223    6.92415    34.9563    34.9480    27.9894    1460.73    1468.71 0.0000e+00
       8918    354.000     1.2845     1.2845   3.027749   3.027092     2.1559      98.90     0.0212      0.219    6.94369    34.9553    34.9469    27.9900    1460.66    1468.69 0.0000e+00
       8942    355.000     1.2745     1.2747   3.026896   3.026258     2.1549      98.92     0.0207      0.332    6.93809    34.9549    34.9465    27.9904    1460.63    1468.67 0.0000e+00
       8965    356.000     1.2541     1.2531   3.025050   3.024341     2.1541      98.93     0.0221      0.226    6.93589    34.9535    34.9455    27.9907    1460.55    1468.64 0.0000e+00
       8988    357.000     1.2382     1.2373   3.023578   3.022842     2.1529      98.93     0.0201      0.277    6.92902    34.9518    34.9434    27.9904    1460.50    1468.62 0.0000e+00
       9010    358.000     1.2029     1.2026   3.020479   3.019798     2.1516      98.93     0.0197      0.232    6.93645    34.9509    34.9425    27.9922    1460.35    1468.60 0.0000e+00
       9033    359.000     1.1806     1.1800   3.018473   3.017780     2.1505      98.92     0.0210      0.236    6.93605    34.9494    34.9412    27.9926    1460.27    1468.58 0.0000e+00
       9057    360.000     1.1692     1.1690   3.017548   3.016892     2.1495      98.92     0.0195      0.264    6.94025    34.9497    34.9415    27.9936    1460.24    1468.55 0.0000e+00
       9082    361.000     1.1684     1.1685   3.017536   3.016906     2.1485      98.92     0.0164      0.229    6.93531    34.9499    34.9417    27.9938    1460.25    1468.53 0.0000e+00
       9106    362.000     1.1626     1.1627   3.017024   3.016376     2.1476      98.93     0.0174      0.227    6.94228    34.9492    34.9408    27.9937    1460.24    1468.51 0.0000e+00
       9130    363.000     1.1548     1.1546   3.016372   3.015716     2.1472      98.92     0.0253      0.236    6.93984    34.9490    34.9408    27.9940    1460.22    1468.48 0.0000e+00
       9152    364.000     1.1461     1.1460   3.015630   3.014989     2.1466      98.93     0.0256      0.228    6.94804    34.9486    34.9405    27.9943    1460.20    1468.46 0.0000e+00
       9175    365.000     1.1350     1.1350   3.014648   3.014011     2.1466      98.92     0.0253      0.223    6.95137    34.9478    34.9396    27.9944    1460.16    1468.44 0.0000e+00
       9197    366.000     1.1192     1.1191   3.013294   3.012637     2.1461      98.92     0.0219      0.225    6.94058    34.9475    34.9391    27.9952    1460.11    1468.41 0.0000e+00
       9221    367.000     1.1054     1.1051   3.012025   3.011361     2.1447      79.32     0.0195      0.229    6.94221    34.9460    34.9378    27.9950    1460.06    1468.39 0.0000e+00
       9246    368.000     1.0837     1.0837   3.010124   3.009494     2.1451      96.02     0.0239      0.228    6.96081    34.9452    34.9371    27.9959    1459.98    1468.37 0.0000e+00
       9270    369.000     1.0707     1.0697   3.008987   3.008254     2.1443      98.88     0.0224      0.216    6.94936    34.9445    34.9362    27.9962    1459.94    1468.35 0.0000e+00
       9293    370.000     1.0648     1.0640   3.008483   3.007782     2.1437      98.93     0.0203      0.229    6.94905    34.9441    34.9360    27.9962    1459.92    1468.32 0.0000e+00
       9316    371.000     1.0412     1.0399   3.006228   3.005484     2.1430      98.92     0.0192      0.697    6.95162    34.9409    34.9327    27.9953    1459.83    1468.30 0.0000e+00
       9340    372.000     0.9891     0.9879   3.001373   3.000640     2.1421      98.93     0.0185      0.336    6.94886    34.9360    34.9279    27.9949    1459.61    1468.28 0.0000e+00
       9364    373.000     0.9360     0.9354   2.996722   2.996049     2.1406      98.92     0.0172      0.212    6.95523    34.9349    34.9269    27.9975    1459.38    1468.25 0.0000e+00
       9387    374.000     0.9186     0.9186   2.995221   2.994567     2.1396      98.92     0.0190      0.236    6.95721    34.9344    34.9260    27.9983    1459.32    1468.23 0.0000e+00
       9410    375.000     0.9112     0.9112   2.994626   2.993992     2.1385      98.93     0.0202      0.225    6.94922    34.9344    34.9263    27.9988    1459.30    1468.20 0.0000e+00
       9433    376.000     0.9067     0.9064   2.994297   2.993651     2.1369      98.92     0.0164      0.220    6.93974    34.9347    34.9266    27.9993    1459.30    1468.18 0.0000e+00
       9456    377.000     0.8991     0.8983   2.993683   2.992998     2.1353      98.92     0.0157      0.221    6.93764    34.9346    34.9267    27.9997    1459.28    1468.16 0.0000e+00
       9480    378.000     0.8945     0.8945   2.993296   2.992698     2.1338      98.92     0.0181      0.216    6.93386    34.9342    34.9265    27.9997    1459.28    1468.13 0.0000e+00
       9504    379.000     0.8761     0.8755   2.991622   2.990946     2.1322      98.92     0.0189      0.217    6.93390    34.9326    34.9246    27.9996    1459.21    1468.11 0.0000e+00
       9527    380.000     0.8529     0.8533   2.989629   2.989049     2.1311      98.92     0.0174      0.210    6.93247    34.9323    34.9243    28.0009    1459.12    1468.09 0.0000e+00
       9550    381.000     0.8458     0.8465   2.989035   2.988485     2.1292      90.43     0.0163      0.215    6.92566    34.9320    34.9241    28.0011    1459.11    1468.06 0.0000e+00
       9573    382.000     0.8416     0.8414   2.988726   2.988081     2.1284      94.49     0.0219      0.214    6.93591    34.9321    34.9240    28.0014    1459.10    1468.04 0.0000e+00
       9598    383.000     0.8390     0.8392   2.988539   2.987930     2.1272      98.92     0.0217      0.759    6.93462    34.9320    34.9239    28.0015    1459.11    1468.02 0.0000e+00
       9623    384.000     0.8299     0.8303   2.987728   2.987136     2.1267      98.92     0.0182      0.370    6.93349    34.9311    34.9230    28.0014    1459.08    1467.99 0.0000e+00
       9647    385.000     0.8244     0.8243   2.987318   2.986693     2.1256      98.92     0.0196      0.326    6.92575    34.9314    34.9234    28.0020    1459.07    1467.97 0.0000e+00
       9670    386.000     0.8208     0.8207   2.987039   2.986417     2.1244      98.92     0.0189      0.214    6.91857    34.9312    34.9233    28.0021    1459.07    1467.95 0.0000e+00
       9692    387.000     0.8177     0.8177   2.986797   2.986178     2.1232      98.92     0.0174      0.224    6.92218    34.9310    34.9230    28.0021    1459.08    1467.92 0.0000e+00
       9716    388.000     0.7939     0.7946   2.984530   2.983987     2.1226      98.92     0.0167      0.239    6.92424    34.9277    34.9199    28.0010    1458.98    1467.90 0.0000e+00
       9740    389.000     0.7646     0.7649   2.982105   2.981511     2.1212      98.93     0.0187      0.216    6.92279    34.9286    34.9206    28.0036    1458.87    1467.88 0.0000e+00
       9764    390.000     0.7615     0.7616   2.981888   2.981288     2.1202      98.92     0.0204      0.203    6.91597    34.9287    34.9208    28.0039    1458.87    1467.85 0.0000e+00
       9788    391.000     0.7595     0.7597   2.981749   2.981152     2.1187      98.92     0.0194      0.212    6.91292    34.9286    34.9206    28.0039    1458.88    1467.83 0.0000e+00
       9812    392.000     0.7549     0.7550   2.981371   2.980773     2.1176      98.92     0.0196      0.218    6.91426    34.9282    34.9204    28.0039    1458.87    1467.81 0.0000e+00
       9835    393.000     0.7526     0.7527   2.981222   2.980623     2.1166      98.92     0.0191      0.224    6.90667    34.9283    34.9204    28.0041    1458.88    1467.78 0.0000e+00
       9859    394.000     0.7430     0.7429   2.980339   2.979713     2.1153      98.92     0.0201      0.211    6.90406    34.9270    34.9190    28.0037    1458.85    1467.76 0.0000e+00
       9882    395.000     0.7292     0.7292   2.979213   2.978600     2.1142      98.92     0.0203      0.210    6.90820    34.9273    34.9194    28.0048    1458.80    1467.74 0.0000e+00
       9906    396.000     0.7101     0.7096   2.977421   2.976753     2.1133      98.92     0.0186      0.213    6.91063    34.9249    34.9168    28.0041    1458.73    1467.72 0.0000e+00
       9930    397.000     0.6820     0.6817   2.974995   2.974343     2.1126      98.92     0.0158      0.202    6.92056    34.9244    34.9163    28.0055    1458.62    1467.69 0.0000e+00
       9953    398.000     0.6677     0.6660   2.973792   2.973027     2.1121      98.92     0.0175      0.209    6.91764    34.9243    34.9162    28.0063    1458.57    1467.67 0.0000e+00
       9976    399.000     0.6640     0.6645   2.973509   2.972948     2.1111      98.92     0.0193      0.208    6.90873    34.9242    34.9163    28.0064    1458.57    1467.65 0.0000e+00
       9999    400.000     0.6604     0.6609   2.973241   2.972670     2.1101      98.93     0.0191      0.209    6.90103    34.9241    34.9162    28.0066    1458.57    1467.62 0.0000e+00
      10023    401.000     0.6550     0.6566   2.972802   2.972324     2.1082      98.92     0.0189      0.231    6.88929    34.9239    34.9159    28.0068    1458.56    1467.60 0.0000e+00
      10048    402.000     0.6528     0.6531   2.972672   2.972069     2.1069      98.92     0.0162      0.200    6.89289    34.9241    34.9159    28.0071    1458.57    1467.58 0.0000e+00
      10073    403.000     0.6519     0.6516   2.972638   2.972009     2.1058      98.92     0.0152      0.201    6.90338    34.9241    34.9162    28.0071    1458.58    1467.56 0.0000e+00
      10099    404.000     0.6501     0.6508   2.972514   2.971973     2.1056      98.92     0.0165      0.203    6.91326    34.9239    34.9161    28.0071    1458.59    1467.53 0.0000e+00
      10122    405.000     0.6437     0.6437   2.971986   2.971367     2.1057      98.92     0.0173      0.207    6.91044    34.9236    34.9156    28.0073    1458.58    1467.51 0.0000e+00
      10144    406.000     0.6354     0.6359   2.971281   2.970720     2.1053      98.92     0.0164      0.213    6.90743    34.9232    34.9154    28.0074    1458.55    1467.49 0.0000e+00
      10165    407.000     0.6248     0.6247   2.970353   2.969735     2.1047      98.92     0.0182      0.210    6.90222    34.9225    34.9146    28.0075    1458.52    1467.47 0.0000e+00
      10188    408.000     0.6044     0.6039   2.968575   2.967911     2.1040      98.92     0.0176      0.203    6.90494    34.9217    34.9136    28.0081    1458.44    1467.44 0.0000e+00
      10212    409.000     0.5938     0.5928   2.967697   2.966984     2.1031      98.92     0.0182      0.199    6.90617    34.9216    34.9135    28.0087    1458.41    1467.42 0.0000e+00
      10238    410.000     0.5799     0.5798   2.966518   2.965887     2.1026      98.92     0.0164      0.198    6.90506    34.9213    34.9132    28.0093    1458.37    1467.40 0.0000e+00
      10263    411.000     0.5716     0.5715   2.965821   2.965199     2.1014      98.92     0.0163      0.204    6.89643    34.9210    34.9130    28.0096    1458.34    1467.38 0.0000e+00
      10287    412.000     0.5641     0.5641   2.965210   2.964584     2.1005      98.92     0.0160      0.200    6.90077    34.9209    34.9127    28.0100    1458.33    1467.36 0.0000e+00
      10309    413.000     0.5516     0.5514   2.964157   2.963520     2.0997      98.92     0.0142      0.203    6.89953    34.9206    34.9126    28.0105    1458.29    1467.33 0.0000e+00
      10332    414.000     0.5407     0.5401   2.963263   2.962594     2.0991      98.92     0.0127      0.208    6.90390    34.9207    34.9126    28.0112    1458.25    1467.31 0.0000e+00
      10355    415.000     0.5346     0.5349   2.962774   2.962193     2.0983      98.92     0.0138      0.201    6.89992    34.9206    34.9126    28.0115    1458.24    1467.29 0.0000e+00
      10380    416.000     0.5250     0.5255   2.961910   2.961344     2.0978      98.92     0.0169      0.199    6.90528    34.9195    34.9116    28.0113    1458.21    1467.27 0.0000e+00
      10405    417.000     0.5064     0.5065   2.960281   2.959672     2.0969      98.92     0.0201      0.198    6.90297    34.9186    34.9106    28.0117    1458.14    1467.25 0.0000e+00
      10429    418.000     0.4815     0.4813   2.958128   2.957485     2.0964      98.93     0.0199      0.200    6.90659    34.9180    34.9098    28.0127    1458.05    1467.22 0.0000e+00
      10453    419.000     0.4671     0.4679   2.956922   2.956381     2.0956      98.92     0.0159      0.204    6.91079    34.9179    34.9099    28.0134    1458.00    1467.20 0.0000e+00
      10475    420.000     0.4594     0.4585   2.956285   2.955577     2.0954      98.92     0.0144      0.198    6.90970    34.9176    34.9094    28.0137    1457.98    1467.18 0.0000e+00
      10498    421.000     0.4509     0.4514   2.955606   2.955028     2.0943      98.92     0.0142      0.201    6.90283    34.9178    34.9096    28.0143    1457.96    1467.16 0.0000e+00
      10522    422.000     0.4500     0.4507   2.955571   2.955020     2.0936      98.92     0.0137      0.213    6.90080    34.9177    34.9097    28.0143    1457.97    1467.14 0.0000e+00
      10547    423.000     0.4510     0.4510   2.955715   2.955100     2.0926      98.92     0.0172      0.206    6.89340    34.9179    34.9098    28.0144    1457.99    1467.11 0.0000e+00
      10572    424.000     0.4488     0.4483   2.955549   2.954878     2.0912      98.92     0.0201      0.335    6.88174    34.9176    34.9094    28.0143    1457.99    1467.09 0.0000e+00
      10597    425.000     0.4337     0.4314   2.954220   2.953420     2.0898      98.92     0.0219      0.209    6.88080    34.9167    34.9088    28.0145    1457.94    1467.07 0.0000e+00
      10620    426.000     0.4207     0.4215   2.953159   2.952617     2.0884      98.92     0.0356      0.193    6.88388    34.9169    34.9089    28.0154    1457.90    1467.05 0.0000e+00
      10642    427.000     0.4153     0.4205   2.952721   2.952579     2.0877      98.92     0.0521      0.197    6.88598    34.9166    34.9089    28.0155    1457.89    1467.03 0.0000e+00
