Physical_Data/CTD_Data/Example_Data/sta0481.cnv
* Sea-Bird SBE 9 Data File:
* FileName = C:\Seabird\CTDData\sta0481.hex
* Software Version Seasave V 7.21f
* Temperature SN = 4340
* Conductivity SN = 3012
* Number of Bytes Per Scan = 34
* Number of Voltage Words = 3
* Number of Scans Averaged by the Deck Unit = 1
* NMEA Latitude = 73 49.27 N
* NMEA Longitude = 007 31.63 E
* NMEA UTC (Time) = Jun 23 2016 10:15:11
* NMEA baud rate = 4800
** Ship: 10 F/F "G. O. Sars"
** Station: 0481
** Echodepth: 720
** Log: 7761
** Wind-Dir Force: 20 14
** Air-temp (dry): 6.4
** Weather Sky: 2 5
** Sea Ice: 3 0
** Par light: 451
# nquan = 17                                
# nvalues = 713                         
# units = specified
# name 0 = scan: Scan Count
# name 1 = prDM: Pressure, Digiquartz [db]
# name 2 = t068C: Temperature [ITS-68, deg C]
# name 3 = t168C: Temperature, 2 [ITS-68, deg C]
# name 4 = c0S/m: Conductivity [S/m]
# name 5 = c1S/m: Conductivity, 2 [S/m]
# name 6 = sbeox0V: Oxygen raw, SBE 43 [V]
# name 7 = altM: Altimeter [m]
# name 8 = flC: Fluorescence, Chelsea Aqua 3 Chl Con [ug/l]
# name 9 = seaTurbMtr: Turbidity, Seapoint [FTU]
# name 10 = sbeox0ML/L: Oxygen, SBE 43 [ml/l], WS = 2
# name 11 = sal00: Salinity, Practical [PSU]
# name 12 = sal11: Salinity, Practical, 2 [PSU]
# name 13 = sigma-t00: Density [sigma-t, Kg/m^3 ]
# name 14 = svCM: Sound Velocity [Chen-Millero, m/s]
# name 15 = avgsvCM: Average Sound Velocity [Chen-Millero, m/s], minP = 1, minS = 5
# name 16 = flag: flag
# span 0 =        517,      19391       
# span 1 =      5.000,    717.000       
# span 2 =    -0.2637,     6.4425       
# span 3 =    -0.2597,     6.4412       
# span 4 =   2.906881,   3.488135       
# span 5 =   2.909316,   3.487073       
# span 6 =     1.9635,     2.5701       
# span 7 =       8.99,      99.65       
# span 8 =     0.0102,     0.9587       
# span 9 =      0.160,      3.088       
# span 10 =    6.56798,    7.33227      
# span 11 =    34.9108,    35.1330      
# span 12 =    34.8977,    35.1232      
# span 13 =    27.5916,    28.0497      
# span 14 =    1458.42,    1476.72      
# span 15 =    1464.25,    1476.72      
# span 16 = 0.0000e+00, 0.0000e+00      
# interval = decibars: 1                
# start_time = Jun 23 2016 10:15:14 [System UTC, header]
# bad_flag = -9.990e-29
*END*
[from data line 511]
      12796    516.000     0.2641     0.2672   2.943503   2.943365     2.0466      99.07     0.0145      0.190    6.82703    34.9139    34.9086    28.0221    1458.66    1466.36 0.0000e+00
      12820    517.000     0.2580     0.2698   2.942992   2.943501     2.0456      98.91     0.0154      0.192    6.81971    34.9135    34.9068    28.0222    1458.64    1466.35 0.0000e+00
      12842    518.000     0.2488     0.2714   2.942235   2.943575     2.0455      98.91     0.0191      0.192    6.82374    34.9134    34.9054    28.0226    1458.62    1466.33 0.0000e+00
      12864    519.000     0.2413     0.2719   2.941649   2.943666     2.0447      98.91     0.0176      0.186    6.81852    34.9135    34.9055    28.0232    1458.60    1466.32 0.0000e+00
      12889    520.000     0.2365     0.2723   2.941289   2.943760     2.0440      98.91     0.0185      0.190    6.81505    34.9137    34.9056    28.0235    1458.60    1466.30 0.0000e+00
      12915    521.000     0.2354     0.2725   2.941231   2.943848     2.0427      86.77     0.0201      0.180    6.79535    34.9135    34.9060    28.0235    1458.61    1466.29 0.0000e+00
      12942    522.000     0.2344     0.2728   2.941185   2.943929     2.0415      79.00     0.0189      0.179    6.82343    34.9135    34.9061    28.0235    1458.62    1466.27 0.0000e+00
      12966    523.000     0.2308     0.2737   2.940919   2.944004     2.0421      99.01     0.0196      0.187    6.83002    34.9135    34.9055    28.0237    1458.62    1466.26 0.0000e+00
      12989    524.000     0.2267     0.2741   2.940595   2.944139     2.0421      98.91     0.0192      0.189    6.82850    34.9133    34.9062    28.0237    1458.62    1466.25 0.0000e+00
      13011    525.000     0.2208     0.2751   2.940126   2.944296     2.0420      98.91     0.0182      0.182    6.82800    34.9132    34.9066    28.0240    1458.61    1466.23 0.0000e+00
      13033    526.000     0.2197     0.2767   2.940093   2.944415     2.0420      98.91     0.0169      0.190    6.83025    34.9134    34.9057    28.0243    1458.62    1466.22 0.0000e+00
      13056    527.000     0.2217     0.2781   2.940318   2.944477     2.0420      98.91     0.0195      0.182    6.82767    34.9135    34.9044    28.0242    1458.64    1466.20 0.0000e+00
      13081    528.000     0.2258     0.2770   2.940719   2.944533     2.0417      98.91     0.0180      0.199    6.80857    34.9135    34.9058    28.0240    1458.68    1466.19 0.0000e+00
      13106    529.000     0.2248     0.2776   2.940656   2.944563     2.0400      56.53     0.0153      0.188    6.81753    34.9132    34.9049    28.0239    1458.69    1466.17 0.0000e+00
      13131    530.000     0.2222     0.2778   2.940474   2.944560     2.0407      98.61     0.0173      0.184    6.83154    34.9132    34.9040    28.0240    1458.69    1466.16 0.0000e+00
      13156    531.000     0.2146     0.2775   2.939845   2.944518     2.0405      98.91     0.0180      0.178    6.82287    34.9129    34.9032    28.0242    1458.68    1466.14 0.0000e+00
      13180    532.000     0.2108     0.2765   2.939571   2.944428     2.0400      98.91     0.0175      0.184    6.81718    34.9130    34.9026    28.0245    1458.67    1466.13 0.0000e+00
      13203    533.000     0.2045     0.2749   2.939049   2.944335     2.0394      98.91     0.0171      0.199    6.81499    34.9127    34.9026    28.0246    1458.66    1466.12 0.0000e+00
      13225    534.000     0.2028     0.2733   2.938965   2.944218     2.0386      98.91     0.0161      0.185    6.81133    34.9129    34.9023    28.0249    1458.67    1466.10 0.0000e+00
      13248    535.000     0.2013     0.2709   2.938864   2.944088     2.0380      92.53     0.0156      0.186    6.80784    34.9127    34.9027    28.0248    1458.68    1466.09 0.0000e+00
      13271    536.000     0.1995     0.2693   2.938756   2.943983     2.0373      86.30     0.0140      0.183    6.82619    34.9127    34.9025    28.0249    1458.69    1466.07 0.0000e+00
      13294    537.000     0.1982     0.2670   2.938684   2.943820     2.0378      98.95     0.0165      0.183    6.81994    34.9127    34.9024    28.0249    1458.70    1466.06 0.0000e+00
      13318    538.000     0.1964     0.2664   2.938588   2.943682     2.0371      98.91     0.0192      0.264    6.81459    34.9129    34.9007    28.0251    1458.71    1466.05 0.0000e+00
      13344    539.000     0.1947     0.2625   2.938488   2.943567     2.0364      98.91     0.0176      0.207    6.80228    34.9129    34.9030    28.0253    1458.72    1466.03 0.0000e+00
      13370    540.000     0.1917     0.2610   2.938265   2.943439     2.0355      98.91     0.0175      0.186    6.80676    34.9127    34.9024    28.0253    1458.72    1466.02 0.0000e+00
      13393    541.000     0.1675     0.2595   2.936169   2.943304     2.0348      98.92     0.0194      0.187    6.81173    34.9120    34.9017    28.0260    1458.62    1466.01 0.0000e+00
      13415    542.000     0.1624     0.2567   2.935853   2.943190     2.0343      98.92     0.0164      0.193    6.80765    34.9130    34.9028    28.0272    1458.62    1465.99 0.0000e+00
      13437    543.000     0.1602     0.1712   2.935704   2.936057     2.0336      98.92     0.0162      0.182    6.80940    34.9129    34.9051    28.0272    1458.62    1465.98 0.0000e+00
      13459    544.000     0.1596     0.1603   2.935699   2.935010     2.0333      98.92     0.0161      0.201    6.81849    34.9129    34.9031    28.0273    1458.64    1465.97 0.0000e+00
      13482    545.000     0.1593     0.1596   2.935720   2.935014     2.0334      98.92     0.0182      0.186    6.82236    34.9130    34.9033    28.0273    1458.65    1465.95 0.0000e+00
      13507    546.000     0.1596     0.1596   2.935793   2.935056     2.0334      98.92     0.0159      0.178    6.82337    34.9130    34.9033    28.0273    1458.67    1465.94 0.0000e+00
      13532    547.000     0.1591     0.1592   2.935795   2.935086     2.0335      98.92     0.0162      0.183    6.83439    34.9130    34.9036    28.0274    1458.68    1465.93 0.0000e+00
      13556    548.000     0.1587     0.1573   2.935803   2.934949     2.0345      98.92     0.0134      0.185    6.84492    34.9130    34.9033    28.0273    1458.70    1465.91 0.0000e+00
      13580    549.000     0.1566     0.1565   2.935680   2.934947     2.0349      95.63     0.0112      0.179    6.83810    34.9131    34.9036    28.0276    1458.71    1465.90 0.0000e+00
      13604    550.000     0.1570     0.1573   2.935752   2.935066     2.0352      94.50     0.0142      0.182    6.84419    34.9130    34.9037    28.0275    1458.72    1465.89 0.0000e+00
      13628    551.000     0.1560     0.1563   2.935706   2.935022     2.0356      98.91     0.0156      0.185    6.83698    34.9130    34.9036    28.0275    1458.74    1465.87 0.0000e+00
      13652    552.000     0.1516     0.1519   2.935373   2.934692     2.0352      98.92     0.0159      0.184    6.83173    34.9130    34.9037    28.0278    1458.73    1465.86 0.0000e+00
      13674    553.000     0.1486     0.1488   2.935145   2.934451     2.0353      98.92     0.0179      0.183    6.84585    34.9128    34.9034    28.0278    1458.73    1465.85 0.0000e+00
      13697    554.000     0.1295     0.1282   2.933488   2.932682     2.0357      98.93     0.0169      0.187    6.84553    34.9120    34.9028    28.0282    1458.66    1465.83 0.0000e+00
      13721    555.000     0.1172     0.1172   2.932525   2.931819     2.0353      98.92     0.0173      0.182    6.84211    34.9126    34.9033    28.0294    1458.62    1465.82 0.0000e+00
      13746    556.000     0.1090     0.1105   2.931848   2.931269     2.0351      98.36     0.0167      0.186    6.83481    34.9124    34.9031    28.0297    1458.60    1465.81 0.0000e+00
      13769    557.000     0.1039     0.1032   2.931459   2.930721     2.0342      56.26     0.0153      0.185    6.85430    34.9125    34.9035    28.0300    1458.59    1465.79 0.0000e+00
      13791    558.000     0.1044     0.1043   2.931568   2.930868     2.0352      97.93     0.0151      0.187    6.86423    34.9127    34.9036    28.0302    1458.61    1465.78 0.0000e+00
      13816    559.000     0.1061     0.1064   2.931751   2.931075     2.0356      98.92     0.0150      0.185    6.85684    34.9126    34.9034    28.0300    1458.64    1465.77 0.0000e+00
      13841    560.000     0.1047     0.1047   2.931669   2.930988     2.0352      98.92     0.0196      0.187    6.84856    34.9126    34.9036    28.0300    1458.65    1465.76 0.0000e+00
      13865    561.000     0.1041     0.1043   2.931676   2.931004     2.0351      98.92     0.0205      0.179    6.84605    34.9127    34.9037    28.0302    1458.66    1465.74 0.0000e+00
      13888    562.000     0.1035     0.1038   2.931668   2.931010     2.0345      98.92     0.0182      0.207    6.84180    34.9127    34.9037    28.0302    1458.67    1465.73 0.0000e+00
      13911    563.000     0.0986     0.0994   2.931260   2.930648     2.0339      98.92     0.0171      0.183    6.83913    34.9123    34.9033    28.0301    1458.67    1465.72 0.0000e+00
      13934    564.000     0.0956     0.0959   2.931072   2.930413     2.0335      98.92     0.0268      0.187    6.84698    34.9126    34.9036    28.0306    1458.67    1465.71 0.0000e+00
      13957    565.000     0.0939     0.0940   2.930965   2.930304     2.0332      98.92     0.0243      0.183    6.84424    34.9125    34.9037    28.0306    1458.68    1465.69 0.0000e+00
      13980    566.000     0.0933     0.0935   2.930971   2.930297     2.0330      98.92     0.0190      0.303    6.84988    34.9127    34.9036    28.0308    1458.69    1465.68 0.0000e+00
      14004    567.000     0.0889     0.0894   2.930607   2.929984     2.0329      98.92     0.0180      0.183    6.85205    34.9123    34.9035    28.0307    1458.69    1465.67 0.0000e+00
      14028    568.000     0.0832     0.0836   2.930162   2.929505     2.0327      98.92     0.0184      0.175    6.84714    34.9123    34.9032    28.0310    1458.68    1465.66 0.0000e+00
      14052    569.000     0.0784     0.0781   2.929798   2.929095     2.0324      98.93     0.0214      0.179    6.85313    34.9124    34.9034    28.0313    1458.67    1465.64 0.0000e+00
      14077    570.000     0.0752     0.0751   2.929576   2.928886     2.0323      97.91     0.0231      0.180    6.84380    34.9125    34.9035    28.0316    1458.68    1465.63 0.0000e+00
      14101    571.000     0.0746     0.0746   2.929586   2.928889     2.0315      65.67     0.0220      0.178    6.85788    34.9127    34.9035    28.0318    1458.69    1465.62 0.0000e+00
      14125    572.000     0.0736     0.0740   2.929508   2.928868     2.0322      98.99     0.0216      0.199    6.86424    34.9122    34.9033    28.0314    1458.70    1465.61 0.0000e+00
      14148    573.000     0.0675     0.0673   2.929031   2.928331     2.0323      98.92     0.0194      0.176    6.85985    34.9122    34.9032    28.0318    1458.69    1465.60 0.0000e+00
      14170    574.000     0.0641     0.0640   2.928781   2.928090     2.0322      98.93     0.0164      0.172    6.86133    34.9122    34.9032    28.0319    1458.69    1465.58 0.0000e+00
      14193    575.000     0.0574     0.0578   2.928244   2.927592     2.0321      98.93     0.0167      0.174    6.86207    34.9121    34.9030    28.0322    1458.68    1465.57 0.0000e+00
      14216    576.000     0.0519     0.0515   2.927822   2.927099     2.0322      98.92     0.0180      0.172    6.86751    34.9122    34.9031    28.0326    1458.67    1465.56 0.0000e+00
      14240    577.000     0.0463     0.0471   2.927382   2.926768     2.0322      98.92     0.0143      0.185    6.86990    34.9121    34.9031    28.0329    1458.66    1465.55 0.0000e+00
      14265    578.000     0.0439     0.0428   2.927203   2.926429     2.0323      98.93     0.0155      0.178    6.87010    34.9119    34.9029    28.0328    1458.66    1465.54 0.0000e+00
      14289    579.000     0.0372     0.0366   2.926687   2.925950     2.0324      98.92     0.0140      0.187    6.87843    34.9121    34.9030    28.0333    1458.65    1465.52 0.0000e+00
      14312    580.000     0.0348     0.0356   2.926550   2.925926     2.0328      98.92     0.0177      0.219    6.88475    34.9124    34.9032    28.0337    1458.65    1465.51 0.0000e+00
      14335    581.000     0.0342     0.0337   2.926496   2.925769     2.0332      98.92     0.0194      0.177    6.88047    34.9118    34.9027    28.0332    1458.67    1465.50 0.0000e+00
      14358    582.000     0.0253     0.0232   2.925751   2.924898     2.0328      98.93     0.0181      0.174    6.86886    34.9114    34.9025    28.0334    1458.64    1465.49 0.0000e+00
      14382    583.000     0.0108     0.0109   2.924601   2.923930     2.0324      98.92     0.0175      0.176    6.87753    34.9121    34.9031    28.0348    1458.59    1465.48 0.0000e+00
      14406    584.000     0.0082     0.0082   2.924426   2.923744     2.0323      98.92     0.0180      0.172    6.86994    34.9121    34.9031    28.0349    1458.60    1465.46 0.0000e+00
      14428    585.000     0.0057     0.0060   2.924243   2.923579     2.0314      60.86     0.0158      0.175    6.87653    34.9120    34.9028    28.0349    1458.60    1465.45 0.0000e+00
      14453    586.000     0.0008     0.0008   2.923867   2.923180     2.0320      98.21     0.0130      0.176    6.89327    34.9120    34.9029    28.0352    1458.60    1465.44 0.0000e+00
      14477    587.000    -0.0057    -0.0051   2.923345   2.922714     2.0320      98.92     0.0149      0.197    6.87780    34.9118    34.9028    28.0354    1458.58    1465.43 0.0000e+00
      14501    588.000    -0.0115    -0.0111   2.922904   2.922240     2.0313      98.92     0.0141      0.204    6.87452    34.9120    34.9028    28.0359    1458.57    1465.42 0.0000e+00
      14523    589.000    -0.0158    -0.0152   2.922566   2.921934     2.0310      98.92     0.0146      0.176    6.87990    34.9118    34.9028    28.0360    1458.57    1465.41 0.0000e+00
      14544    590.000    -0.0220    -0.0217   2.922081   2.921420     2.0307      98.93     0.0180      0.176    6.87473    34.9118    34.9028    28.0363    1458.56    1465.39 0.0000e+00
      14567    591.000    -0.0294    -0.0299   2.921493   2.920756     2.0300      98.92     0.0159      0.180    6.86815    34.9119    34.9027    28.0367    1458.54    1465.38 0.0000e+00
      14591    592.000    -0.0344    -0.0340   2.921103   2.920460     2.0289      98.92     0.0145      0.174    6.85602    34.9118    34.9028    28.0369    1458.53    1465.37 0.0000e+00
      14615    593.000    -0.0355    -0.0355   2.921081   2.920395     2.0274      98.92     0.0141      0.176    6.84650    34.9122    34.9031    28.0373    1458.54    1465.36 0.0000e+00
      14638    594.000    -0.0355    -0.0350   2.921103   2.920473     2.0260      98.93     0.0174      0.175    6.84267    34.9119    34.9030    28.0371    1458.56    1465.35 0.0000e+00
      14660    595.000    -0.0377    -0.0389   2.920966   2.920175     2.0248      98.92     0.0197      0.232    6.84419    34.9119    34.9028    28.0372    1458.57    1465.34 0.0000e+00
      14684    596.000    -0.0417    -0.0418   2.920673   2.919988     2.0238      98.92     0.0204      0.175    6.84678    34.9120    34.9031    28.0375    1458.57    1465.32 0.0000e+00
      14709    597.000    -0.0450    -0.0458   2.920383   2.919631     2.0229      98.93     0.0189      0.185    6.84591    34.9113    34.9023    28.0371    1458.57    1465.31 0.0000e+00
      14732    598.000    -0.0584    -0.0580   2.919312   2.918660     2.0222      98.92     0.0191      0.177    6.83806    34.9118    34.9027    28.0382    1458.52    1465.30 0.0000e+00
      14755    599.000    -0.0591    -0.0595   2.919303   2.918589     2.0207      98.92     0.0196      0.203    6.82876    34.9119    34.9029    28.0383    1458.53    1465.29 0.0000e+00
