Physical_Data/CTD_Data/Example_Data/sta0478.cnv
* Sea-Bird SBE 9 Data File:
* FileName = C:\Seabird\CTDData\sta0478.hex
* Software Version Seasave V 7.21f
* Temperature SN = 4340
* Conductivity SN = 3012
* Number of Bytes Per Scan = 34
* Number of Voltage Words = 3
* Number of Scans Averaged by the Deck Unit = 1
* NMEA Latitude = 73 50.81 N
* NMEA Longitude = 007 35.55 E
* NMEA UTC (Time) = Jun 23 2016 07:20:16
* NMEA baud rate = 4800
** Ship: 10 F/F "G. O. Sars"
** Station: 0478
** Echodepth: 1075
** Log: 7760..039
** Wind-Dir Force: 21 16
** Air-temp (dry): 6.4
** Weather Sky: 2 5
** Sea Ice: 2 0
** Par light: 451
# nquan = 17                                
# nvalues = 1088                        
# units = specified
# name 0 = scan: Scan Count
# name 1 = prDM: Pressure, Digiquartz [db]
# name 2 = t068C: Temperature [ITS-68, deg C]
# name 3 = t168C: Temperature, 2 [ITS-68, deg C]
# name 4 = c0S/m: Conductivity [S/m]
# name 5 = c1S/m: Conductivity, 2 [S/m]
# name 6 = sbeox0V: Oxygen raw, SBE 43 [V]
# name 7 = altM: Altimeter [m]
# name 8 = flC: Fluorescence, Chelsea Aqua 3 Chl Con [ug/l]
# name 9 = seaTurbMtr: Turbidity, Seapoint [FTU]
# name 10 = sbeox0ML/L: Oxygen, SBE 43 [ml/l], WS = 2
# name 11 = sal00: Salinity, Practical [PSU]
# name 12 = sal11: Salinity, Practical, 2 [PSU]
# name 13 = sigma-t00: Density [sigma-t, Kg/m^3 ]
# name 14 = svCM: Sound Velocity [Chen-Millero, m/s]
# name 15 = avgsvCM: Average Sound Velocity [Chen-Millero, m/s], minP = 1, minS = 5
# name 16 = flag: flag
# span 0 =        -83,      29086       
# span 1 =      2.000,   1089.000       
# span 2 =    -0.5168,     6.8000       
# span 3 =    -0.5152,     6.8014       
# span 4 =   2.900238,   3.521482       
# span 5 =   2.901612,   3.520942       
# span 6 =     1.8819,     2.5944       
# span 7 =      24.93,      99.29       
# span 8 =     0.0066,     1.5504       
# span 9 =      0.164,      4.719       
# span 10 =    6.55839,    7.28421      
# span 11 =    34.9106,    35.1298      
# span 12 =    34.8962,    35.1233      
# span 13 =    27.5464,    28.0608      
# span 14 =    1458.45,    1478.12      
# span 15 =    1463.98,    1478.05      
# span 16 = 0.0000e+00, 0.0000e+00      
# interval = decibars: 1                
# start_time = Jun 23 2016 07:20:19 [System UTC, header]
# bad_flag = -9.990e-29
*END*
[from data line 426]
      11116    428.000     0.7996     0.7998   2.987040   2.986461     2.1102      98.92     0.0120      0.263    6.92508    34.9304    34.9227    28.0028    1459.67    1468.81 0.0000e+00
      11140    429.000     0.7945     0.7944   2.986624   2.986001     2.1103      98.92     0.0162      0.215    6.92447    34.9301    34.9222    28.0029    1459.66    1468.79 0.0000e+00
      11164    430.000     0.7935     0.7938   2.986583   2.986014     2.1100      98.92     0.0160      0.211    6.92091    34.9301    34.9224    28.0030    1459.67    1468.77 0.0000e+00
      11187    431.000     0.7925     0.7925   2.986524   2.985922     2.1095      98.92     0.0136      0.723    6.91240    34.9299    34.9221    28.0029    1459.68    1468.75 0.0000e+00
      11210    432.000     0.7844     0.7845   2.985839   2.985251     2.1088      98.92     0.0128      0.269    6.91415    34.9295    34.9218    28.0031    1459.66    1468.73 0.0000e+00
      11235    433.000     0.7773     0.7774   2.985242   2.984658     2.1084      98.92     0.0130      0.217    6.91598    34.9292    34.9215    28.0033    1459.65    1468.71 0.0000e+00
      11261    434.000     0.7616     0.7615   2.983877   2.983251     2.1076      98.92     0.0141      0.209    6.90810    34.9285    34.9205    28.0037    1459.59    1468.69 0.0000e+00
      11286    435.000     0.7524     0.7529   2.983102   2.982537     2.1063      98.92     0.0173      0.207    6.90252    34.9282    34.9203    28.0041    1459.56    1468.67 0.0000e+00
      11309    436.000     0.7296     0.7285   2.980974   2.980254     2.1053      98.92     0.0193      0.204    6.90148    34.9256    34.9175    28.0034    1459.47    1468.65 0.0000e+00
      11332    437.000     0.7140     0.7149   2.979670   2.979134     2.1039      77.50     0.0163      0.204    6.90644    34.9256    34.9177    28.0044    1459.42    1468.62 0.0000e+00
      11355    438.000     0.7091     0.7095   2.979278   2.978718     2.1041      98.35     0.0161      0.203    6.92021    34.9255    34.9177    28.0046    1459.41    1468.60 0.0000e+00
      11380    439.000     0.7099     0.7104   2.979405   2.978847     2.1029      98.91     0.0172      0.230    6.89269    34.9256    34.9178    28.0047    1459.43    1468.58 0.0000e+00
      11406    440.000     0.7090     0.7091   2.979364   2.978787     2.1010      98.92     0.0165      0.210    6.87906    34.9255    34.9179    28.0047    1459.45    1468.56 0.0000e+00
      11431    441.000     0.7049     0.7056   2.979087   2.978527     2.0990      98.92     0.0158      0.205    6.87323    34.9259    34.9179    28.0053    1459.45    1468.54 0.0000e+00
      11455    442.000     0.7010     0.7015   2.978777   2.978226     2.0974      98.92     0.0157      0.247    6.87332    34.9257    34.9180    28.0053    1459.44    1468.52 0.0000e+00
      11478    443.000     0.6922     0.6922   2.978034   2.977431     2.0960      98.92     0.0170      0.205    6.87814    34.9254    34.9175    28.0056    1459.42    1468.50 0.0000e+00
      11500    444.000     0.6828     0.6837   2.977253   2.976722     2.0954      98.92     0.0186      0.208    6.87976    34.9252    34.9173    28.0061    1459.39    1468.48 0.0000e+00
      11523    445.000     0.6678     0.6681   2.975948   2.975385     2.0942      98.92     0.0179      0.220    6.87805    34.9245    34.9169    28.0065    1459.34    1468.46 0.0000e+00
      11546    446.000     0.6652     0.6657   2.975803   2.975235     2.0935      98.92     0.0167      0.207    6.88696    34.9250    34.9170    28.0070    1459.35    1468.44 0.0000e+00
      11571    447.000     0.6679     0.6684   2.976083   2.975528     2.0932      98.92     0.0180      0.219    6.88791    34.9250    34.9172    28.0068    1459.37    1468.42 0.0000e+00
      11597    448.000     0.6671     0.6673   2.976077   2.975476     2.0929      98.92     0.0164      0.217    6.88852    34.9252    34.9172    28.0071    1459.39    1468.40 0.0000e+00
      11621    449.000     0.6626     0.6629   2.975766   2.975194     2.0925      98.92     0.0170      0.267    6.88480    34.9256    34.9179    28.0077    1459.38    1468.38 0.0000e+00
      11646    450.000     0.6616     0.6619   2.975730   2.975158     2.0919      98.92     0.0159      0.211    6.87975    34.9257    34.9179    28.0078    1459.40    1468.36 0.0000e+00
      11671    451.000     0.6598     0.6599   2.975621   2.975028     2.0912      84.14     0.0134      0.206    6.89724    34.9257    34.9179    28.0079    1459.40    1468.34 0.0000e+00
      11696    452.000     0.6560     0.6566   2.975344   2.974792     2.0923      98.81     0.0164      0.202    6.91245    34.9258    34.9180    28.0082    1459.40    1468.32 0.0000e+00
      11720    453.000     0.6529     0.6530   2.975107   2.974512     2.0929      98.92     0.0156      0.199    6.91007    34.9256    34.9178    28.0083    1459.41    1468.30 0.0000e+00
      11743    454.000     0.6481     0.6487   2.974745   2.974190     2.0931      98.92     0.0136      0.206    6.90707    34.9257    34.9178    28.0087    1459.40    1468.28 0.0000e+00
      11767    455.000     0.6465     0.6468   2.974675   2.974082     2.0934      98.92     0.0151      0.201    6.91917    34.9260    34.9180    28.0090    1459.41    1468.26 0.0000e+00
      11791    456.000     0.6463     0.6465   2.974698   2.974103     2.0942      98.92     0.0122      0.211    6.92205    34.9260    34.9180    28.0090    1459.43    1468.24 0.0000e+00
      11815    457.000     0.6464     0.6467   2.974755   2.974179     2.0945      98.92     0.0127      0.231    6.92101    34.9260    34.9182    28.0090    1459.44    1468.22 0.0000e+00
      11840    458.000     0.6448     0.6443   2.974660   2.973995     2.0951      98.92     0.0156      0.207    6.92994    34.9260    34.9179    28.0091    1459.45    1468.20 0.0000e+00
      11864    459.000     0.6387     0.6391   2.974159   2.973594     2.0956      98.92     0.0196      0.210    6.92470    34.9257    34.9179    28.0093    1459.44    1468.18 0.0000e+00
      11888    460.000     0.6343     0.6346   2.973838   2.973246     2.0956      98.92     0.0167      0.202    6.92417    34.9259    34.9179    28.0097    1459.44    1468.16 0.0000e+00
      11912    461.000     0.6237     0.6237   2.972924   2.972317     2.0957      98.92     0.0141      0.211    6.92718    34.9254    34.9175    28.0099    1459.41    1468.14 0.0000e+00
      11936    462.000     0.6121     0.6121   2.971986   2.971378     2.0958      98.92     0.0155      0.309    6.93260    34.9256    34.9177    28.0108    1459.37    1468.12 0.0000e+00
      11961    463.000     0.6070     0.6076   2.971554   2.970989     2.0958      98.92     0.0175      0.210    6.94197    34.9252    34.9171    28.0108    1459.36    1468.10 0.0000e+00
      11987    464.000     0.5959     0.5954   2.970628   2.969952     2.0969      98.92     0.0178      0.732    6.96004    34.9250    34.9168    28.0113    1459.33    1468.09 0.0000e+00
      12012    465.000     0.5869     0.5864   2.969846   2.969196     2.0979      98.92     0.0181      0.234    6.96221    34.9244    34.9165    28.0114    1459.30    1468.07 0.0000e+00
      12037    466.000     0.5744     0.5737   2.968766   2.968051     2.0984      98.92     0.0170      0.212    6.95634    34.9238    34.9153    28.0117    1459.26    1468.05 0.0000e+00
      12059    467.000     0.5648     0.5651   2.967984   2.967383     2.0983      98.91     0.0150      0.375    6.95679    34.9238    34.9156    28.0123    1459.23    1468.03 0.0000e+00
      12081    468.000     0.5629     0.5639   2.967851   2.967329     2.0984      98.92     0.0154      0.220    6.95383    34.9236    34.9157    28.0122    1459.24    1468.01 0.0000e+00
      12105    469.000     0.5628     0.5641   2.967892   2.967400     2.0980      98.91     0.0175      0.208    6.95152    34.9237    34.9158    28.0123    1459.26    1467.99 0.0000e+00
      12131    470.000     0.5639     0.5653   2.968027   2.967518     2.0980      98.92     0.0176      0.204    6.95316    34.9236    34.9154    28.0122    1459.28    1467.97 0.0000e+00
      12157    471.000     0.5542     0.5525   2.967157   2.966369     2.0973      98.92     0.0161      0.244    6.94472    34.9226    34.9143    28.0120    1459.25    1467.95 0.0000e+00
      12183    472.000     0.5362     0.5356   2.965545   2.964881     2.0968      98.92     0.0157      0.250    6.94988    34.9213    34.9133    28.0120    1459.18    1467.93 0.0000e+00
      12206    473.000     0.5235     0.5251   2.964458   2.963980     2.0959      98.92     0.0157      0.197    6.94101    34.9208    34.9128    28.0124    1459.14    1467.92 0.0000e+00
      12227    474.000     0.5215     0.5220   2.964327   2.963748     2.0952      98.92     0.0154      0.202    6.93477    34.9208    34.9127    28.0125    1459.15    1467.90 0.0000e+00
      12250    475.000     0.5187     0.5177   2.964116   2.963404     2.0938      98.92     0.0165      0.204    6.92960    34.9206    34.9124    28.0125    1459.15    1467.88 0.0000e+00
      12275    476.000     0.5081     0.5105   2.963149   2.962744     2.0928      98.92     0.0171      0.198    6.92862    34.9193    34.9113    28.0121    1459.12    1467.86 0.0000e+00
      12301    477.000     0.4493     0.4502   2.957869   2.957274     2.0911      98.92     0.0171      0.199    6.92582    34.9160    34.9073    28.0130    1458.86    1467.84 0.0000e+00
      12327    478.000     0.4279     0.4262   2.956129   2.955351     2.0893      98.92     0.0149      0.202    6.91774    34.9168    34.9086    28.0149    1458.78    1467.82 0.0000e+00
      12351    479.000     0.4208     0.4219   2.955536   2.954992     2.0872      98.91     0.0131      0.196    6.90731    34.9165    34.9081    28.0151    1458.77    1467.80 0.0000e+00
      12374    480.000     0.4180     0.4181   2.955335   2.954724     2.0853      98.92     0.0115      0.266    6.89563    34.9164    34.9083    28.0152    1458.77    1467.78 0.0000e+00
      12395    481.000     0.4137     0.4140   2.954990   2.954399     2.0829      98.92     0.0123      0.228    6.87924    34.9162    34.9081    28.0153    1458.77    1467.77 0.0000e+00
      12418    482.000     0.4084     0.4086   2.954554   2.953946     2.0803      98.92     0.0126      0.203    6.86950    34.9159    34.9077    28.0153    1458.76    1467.75 0.0000e+00
      12442    483.000     0.4027     0.4029   2.954119   2.953506     2.0777      98.92     0.0153      0.194    6.86634    34.9160    34.9078    28.0158    1458.75    1467.73 0.0000e+00
      12467    484.000     0.3976     0.3979   2.953721   2.953117     2.0754      98.92     0.0120      0.197    6.86191    34.9160    34.9077    28.0160    1458.74    1467.71 0.0000e+00
      12493    485.000     0.3962     0.3966   2.953650   2.953068     2.0732      98.92     0.0166      0.566    6.86419    34.9160    34.9080    28.0162    1458.75    1467.69 0.0000e+00
      12519    486.000     0.3909     0.3917   2.953209   2.952644     2.0717      98.92     0.0175      0.210    6.86906    34.9157    34.9074    28.0162    1458.74    1467.67 0.0000e+00
      12546    487.000     0.3829     0.3822   2.952556   2.951870     2.0707      98.92     0.0169      0.201    6.87082    34.9155    34.9074    28.0166    1458.72    1467.65 0.0000e+00
      12571    488.000     0.3782     0.3797   2.952205   2.951712     2.0695      98.92     0.0181      0.203    6.86459    34.9157    34.9075    28.0169    1458.72    1467.64 0.0000e+00
      12594    489.000     0.3773     0.3773   2.952174   2.951559     2.0685      98.92     0.0189      0.211    6.86141    34.9157    34.9076    28.0170    1458.73    1467.62 0.0000e+00
      12616    490.000     0.3744     0.3743   2.951961   2.951334     2.0675      98.92     0.0162      0.199    6.86330    34.9156    34.9075    28.0171    1458.74    1467.60 0.0000e+00
      12637    491.000     0.3709     0.3715   2.951701   2.951138     2.0668      98.92     0.0137      0.195    6.86835    34.9155    34.9075    28.0173    1458.74    1467.58 0.0000e+00
      12661    492.000     0.3695     0.3694   2.951621   2.950988     2.0664      98.92     0.0121      0.191    6.87001    34.9155    34.9073    28.0173    1458.75    1467.56 0.0000e+00
      12687    493.000     0.3640     0.3632   2.951161   2.950465     2.0661      98.92     0.0150      0.199    6.87115    34.9151    34.9069    28.0173    1458.74    1467.54 0.0000e+00
      12714    494.000     0.3498     0.3501   2.949959   2.949363     2.0655      98.92     0.0125      0.197    6.86754    34.9148    34.9066    28.0179    1458.69    1467.53 0.0000e+00
      12739    495.000     0.3396     0.3402   2.949137   2.948568     2.0647      98.92     0.0174      0.197    6.86124    34.9149    34.9068    28.0186    1458.66    1467.51 0.0000e+00
      12762    496.000     0.3370     0.3371   2.948960   2.948354     2.0638      98.92     0.0181      0.199    6.86059    34.9149    34.9069    28.0188    1458.66    1467.49 0.0000e+00
      12783    497.000     0.3339     0.3353   2.948731   2.948241     2.0631      98.91     0.0158      0.205    6.86365    34.9148    34.9068    28.0189    1458.66    1467.47 0.0000e+00
      12804    498.000     0.3325     0.3328   2.948652   2.948052     2.0630      98.91     0.0152      0.203    6.87804    34.9148    34.9066    28.0189    1458.67    1467.46 0.0000e+00
      12827    499.000     0.3310     0.3319   2.948549   2.947998     2.0630      98.92     0.0154      0.194    6.87582    34.9146    34.9063    28.0188    1458.68    1467.44 0.0000e+00
      12853    500.000     0.3247     0.3248   2.948063   2.947432     2.0630      98.92     0.0148      0.196    6.87605    34.9147    34.9063    28.0193    1458.67    1467.42 0.0000e+00
      12878    501.000     0.3188     0.3184   2.947563   2.946917     2.0626      98.92     0.0139      0.201    6.87163    34.9142    34.9062    28.0192    1458.66    1467.40 0.0000e+00
      12901    502.000     0.3094     0.3100   2.946796   2.946226     2.0621      98.92     0.0129      0.198    6.87182    34.9142    34.9060    28.0198    1458.63    1467.38 0.0000e+00
      12925    503.000     0.3015     0.3018   2.946146   2.945544     2.0617      98.92     0.0147      0.191    6.87066    34.9140    34.9058    28.0201    1458.61    1467.37 0.0000e+00
      12948    504.000     0.2891     0.2888   2.945123   2.944459     2.0613      98.92     0.0149      0.197    6.87431    34.9140    34.9056    28.0208    1458.57    1467.35 0.0000e+00
      12972    505.000     0.2754     0.2756   2.943928   2.943321     2.0607      98.92     0.0121      0.191    6.87559    34.9132    34.9050    28.0209    1458.53    1467.33 0.0000e+00
      12997    506.000     0.2584     0.2575   2.942539   2.941823     2.0604      98.92     0.0141      0.196    6.87427    34.9136    34.9052    28.0222    1458.47    1467.31 0.0000e+00
      13022    507.000     0.2553     0.2557   2.942327   2.941732     2.0595      98.92     0.0132      0.191    6.86565    34.9137    34.9055    28.0225    1458.47    1467.30 0.0000e+00
      13045    508.000     0.2567     0.2552   2.942480   2.941734     2.0585      98.92     0.0138      0.191    6.85973    34.9136    34.9055    28.0223    1458.49    1467.28 0.0000e+00
      13070    509.000     0.2511     0.2512   2.942051   2.941428     2.0575      98.91     0.0143      0.240    6.86190    34.9137    34.9054    28.0227    1458.48    1467.26 0.0000e+00
      13094    510.000     0.2461     0.2468   2.941641   2.941076     2.0567      98.92     0.0149      0.198    6.86440    34.9133    34.9051    28.0227    1458.47    1467.25 0.0000e+00
      13118    511.000     0.2435     0.2437   2.941476   2.940872     2.0562      98.92     0.0157      0.194    6.86361    34.9135    34.9054    28.0230    1458.48    1467.23 0.0000e+00
