Physical_Data/CTD_Data/Example_Data/sta0482.cnv
* Sea-Bird SBE 9 Data File:
* FileName = C:\Seabird\CTDData\sta0482.hex
* Software Version Seasave V 7.21f
* Temperature SN = 4340
* Conductivity SN = 3012
* Number of Bytes Per Scan = 34
* Number of Voltage Words = 3
* Number of Scans Averaged by the Deck Unit = 1
* NMEA Latitude = 73 48.69 N
* NMEA Longitude = 007 30.58 E
* NMEA UTC (Time) = Jun 23 2016 11:12:45
* NMEA baud rate = 4800
** Ship: 10 F/F "G. O. Sars"
** Station: 0482
** Echodepth: 720
** Log: 7761
** Wind-Dir Force: 20 14
** Air-temp (dry): 6.7
** Weather Sky: 2 5
** Sea Ice: 3 0
** Par light: 451
# nquan = 17                                
# nvalues = 772                         
# units = specified
# name 0 = scan: Scan Count
# name 1 = prDM: Pressure, Digiquartz [db]
# name 2 = t068C: Temperature [ITS-68, deg C]
# name 3 = t168C: Temperature, 2 [ITS-68, deg C]
# name 4 = c0S/m: Conductivity [S/m]
# name 5 = c1S/m: Conductivity, 2 [S/m]
# name 6 = sbeox0V: Oxygen raw, SBE 43 [V]
# name 7 = altM: Altimeter [m]
# name 8 = flC: Fluorescence, Chelsea Aqua 3 Chl Con [ug/l]
# name 9 = seaTurbMtr: Turbidity, Seapoint [FTU]
# name 10 = sbeox0ML/L: Oxygen, SBE 43 [ml/l], WS = 2
# name 11 = sal00: Salinity, Practical [PSU]
# name 12 = sal11: Salinity, Practical, 2 [PSU]
# name 13 = sigma-t00: Density [sigma-t, Kg/m^3 ]
# name 14 = svCM: Sound Velocity [Chen-Millero, m/s]
# name 15 = avgsvCM: Average Sound Velocity [Chen-Millero, m/s], minP = 1, minS = 5
# name 16 = flag: flag
# span 0 =        711,      21176       
# span 1 =      4.000,    775.000       
# span 2 =    -0.2507,     6.2933       
# span 3 =    -0.2495,     6.2937       
# span 4 =   2.910569,   3.474296       
# span 5 =   2.912573,   3.473372       
# span 6 =     1.9499,     2.5755       
# span 7 =       8.71,      99.43       
# span 8 =     0.0104,     1.0014       
# span 9 =      0.165,      3.666       
# span 10 =    6.62424,    7.34191      
# span 11 =    34.9101,    35.1275      
# span 12 =    34.8946,    35.1169      
# span 13 =    27.6104,    28.0492      
# span 14 =    1458.26,    1476.13      
# span 15 =    1463.82,    1476.11      
# span 16 = 0.0000e+00, 0.0000e+00      
# interval = decibars: 1                
# start_time = Jun 23 2016 11:12:47 [System UTC, header]
# bad_flag = -9.990e-29
*END*
[from data line 511]
      12992    515.000     0.2430     0.2642   2.941766   2.943098     2.0675      85.53     0.0178      0.198    6.93810    34.9155    34.9091    28.0247    1458.55    1466.11 0.0000e+00
      13020    516.000     0.2409     0.2650   2.941636   2.943225     2.0675      98.98     0.0160      0.186    6.91906    34.9156    34.9092    28.0248    1458.55    1466.09 0.0000e+00
      13045    517.000     0.2391     0.2661   2.941499   2.943294     2.0667      98.92     0.0171      0.205    6.91468    34.9152    34.9083    28.0247    1458.56    1466.08 0.0000e+00
      13067    518.000     0.2306     0.2670   2.940808   2.943364     2.0663      98.91     0.0226      0.198    6.91702    34.9152    34.9076    28.0251    1458.54    1466.06 0.0000e+00
      13087    519.000     0.2326     0.2670   2.941037   2.943473     2.0654      98.91     0.0227      0.186    6.90726    34.9153    34.9085    28.0251    1458.56    1466.05 0.0000e+00
      13108    520.000     0.2211     0.2676   2.939946   2.943628     2.0647      98.92     0.0200      0.229    6.90309    34.9134    34.9092    28.0242    1458.52    1466.03 0.0000e+00
      13129    521.000     0.2173     0.2693   2.939754   2.943776     2.0635      98.91     0.0177      0.203    6.89601    34.9146    34.9087    28.0254    1458.53    1466.02 0.0000e+00
      13154    522.000     0.2115     0.2706   2.939178   2.943891     2.0621      98.91     0.0154      0.187    6.89187    34.9130    34.9081    28.0244    1458.51    1466.01 0.0000e+00
      13182    523.000     0.1950     0.2711   2.937761   2.943998     2.0604      98.91     0.0154      0.184    6.88116    34.9124    34.9083    28.0249    1458.45    1465.99 0.0000e+00
      13211    524.000     0.1942     0.2716   2.937748   2.944066     2.0582      98.92     0.0143      0.194    6.86223    34.9126    34.9081    28.0250    1458.47    1465.98 0.0000e+00
      13236    525.000     0.1932     0.2722   2.937708   2.944100     2.0557      98.91     0.0188      0.193    6.84530    34.9126    34.9073    28.0251    1458.48    1465.96 0.0000e+00
      13258    526.000     0.1900     0.2723   2.937463   2.944105     2.0530      98.92     0.0189      0.183    6.82364    34.9124    34.9066    28.0251    1458.48    1465.95 0.0000e+00
      13280    527.000     0.1886     0.2718   2.937378   2.944098     2.0501      98.92     0.0170      0.194    6.79982    34.9123    34.9065    28.0251    1458.49    1465.93 0.0000e+00
      13302    528.000     0.1840     0.2713   2.937015   2.944069     2.0460      83.34     0.0186      0.187    6.78210    34.9121    34.9061    28.0252    1458.48    1465.92 0.0000e+00
      13325    529.000     0.1822     0.2704   2.936903   2.944039     2.0437      94.80     0.0167      0.181    6.80868    34.9121    34.9061    28.0253    1458.49    1465.91 0.0000e+00
      13350    530.000     0.1751     0.2693   2.936297   2.944026     2.0415      98.87     0.0157      0.185    6.79836    34.9116    34.9066    28.0253    1458.48    1465.89 0.0000e+00
      13375    531.000     0.1635     0.2683   2.935328   2.943982     2.0395      98.91     0.0171      0.245    6.79740    34.9113    34.9066    28.0258    1458.44    1465.88 0.0000e+00
      13398    532.000     0.1551     0.2674   2.934666   2.943920     2.0376      98.91     0.0145      0.200    6.79324    34.9115    34.9062    28.0264    1458.42    1465.86 0.0000e+00
      13421    533.000     0.1502     0.2667   2.934286   2.943782     2.0361      98.92     0.0152      0.190    6.79135    34.9115    34.9046    28.0266    1458.41    1465.85 0.0000e+00
      13446    534.000     0.1463     0.2649   2.933993   2.943579     2.0343      98.91     0.0145      0.261    6.78498    34.9115    34.9034    28.0268    1458.41    1465.84 0.0000e+00
      13471    535.000     0.1464     0.2623   2.934051   2.943418     2.0327      98.92     0.0174      0.251    6.78470    34.9115    34.9036    28.0269    1458.43    1465.82 0.0000e+00
      13496    536.000     0.1422     0.2594   2.933726   2.943272     2.0315      98.91     0.0184      0.188    6.78336    34.9114    34.9044    28.0270    1458.42    1465.81 0.0000e+00
      13519    537.000     0.1393     0.2569   2.933536   2.943094     2.0301      98.91     0.0173      0.182    6.77695    34.9116    34.9043    28.0273    1458.43    1465.79 0.0000e+00
      13541    538.000     0.1375     0.2551   2.933440   2.942918     2.0290      98.91     0.0175      0.182    6.78010    34.9118    34.9034    28.0276    1458.44    1465.78 0.0000e+00
      13563    539.000     0.1374     0.2528   2.933460   2.942704     2.0283      98.92     0.0164      0.227    6.77828    34.9116    34.9026    28.0274    1458.45    1465.77 0.0000e+00
      13584    540.000     0.1371     0.2498   2.933485   2.942380     2.0273      98.91     0.0160      0.216    6.77270    34.9116    34.9011    28.0275    1458.47    1465.75 0.0000e+00
      13607    541.000     0.1362     0.2440   2.933458   2.942127     2.0263      98.91     0.0166      0.181    6.77811    34.9117    34.9038    28.0276    1458.48    1465.74 0.0000e+00
      13632    542.000     0.1349     0.2425   2.933385   2.941868     2.0260      95.99     0.0175      0.185    6.78737    34.9116    34.9015    28.0276    1458.49    1465.73 0.0000e+00
      13659    543.000     0.1348     0.2392   2.933431   2.941614     2.0262      98.35     0.0206      0.187    6.79430    34.9117    34.9013    28.0277    1458.51    1465.71 0.0000e+00
      13685    544.000     0.1353     0.2363   2.933527   2.941366     2.0260      98.92     0.0212      0.207    6.78991    34.9119    34.9007    28.0278    1458.52    1465.70 0.0000e+00
      13709    545.000     0.1365     0.2332   2.933659   2.941170     2.0259      98.91     0.0189      0.181    6.78715    34.9116    34.9011    28.0275    1458.55    1465.69 0.0000e+00
      13732    546.000     0.1349     0.2319   2.933583   2.940899     2.0255      98.92     0.0181      0.295    6.78362    34.9119    34.8984    28.0278    1458.55    1465.67 0.0000e+00
      13753    547.000     0.1339     0.2275   2.933536   2.940574     2.0251      98.91     0.0167      0.183    6.78288    34.9118    34.8985    28.0278    1458.57    1465.66 0.0000e+00
      13773    548.000     0.1333     0.2234   2.933545   2.940225     2.0249      98.92     0.0171      0.188    6.78801    34.9120    34.8979    28.0280    1458.58    1465.65 0.0000e+00
      13795    549.000     0.1325     0.2180   2.933510   2.939841     2.0248      98.92     0.0184      0.180    6.78986    34.9118    34.8984    28.0279    1458.59    1465.63 0.0000e+00
      13820    550.000     0.1326     0.2144   2.933549   2.939562     2.0246      98.91     0.0154      0.205    6.78555    34.9116    34.8982    28.0277    1458.61    1465.62 0.0000e+00
      13847    551.000     0.1307     0.2091   2.933435   2.939371     2.0243      98.91     0.0193      0.181    6.78484    34.9117    34.9011    28.0279    1458.62    1465.61 0.0000e+00
      13873    552.000     0.1295     0.2063   2.933381   2.939155     2.0236      98.91     0.0178      0.186    6.78193    34.9118    34.9009    28.0280    1458.63    1465.60 0.0000e+00
      13896    553.000     0.1287     0.2050   2.933358   2.938938     2.0234      98.91     0.0160      0.239    6.78183    34.9118    34.8989    28.0281    1458.64    1465.58 0.0000e+00
      13919    554.000     0.1286     0.2015   2.933398   2.938591     2.0230      98.92     0.0173      0.189    6.77790    34.9118    34.8977    28.0281    1458.66    1465.57 0.0000e+00
      13941    555.000     0.1286     0.1965   2.933442   2.938181     2.0223      98.92     0.0187      0.178    6.77974    34.9118    34.8974    28.0281    1458.67    1465.56 0.0000e+00
      13965    556.000     0.1276     0.1914   2.933387   2.937961     2.0222      98.92     0.0176      0.253    6.77874    34.9116    34.8996    28.0280    1458.69    1465.55 0.0000e+00
      13991    557.000     0.1264     0.1867   2.933330   2.937776     2.0214      98.91     0.0143      0.190    6.77410    34.9116    34.9019    28.0281    1458.70    1465.53 0.0000e+00
      14016    558.000     0.1256     0.1852   2.933313   2.937604     2.0212      98.91     0.0143      0.184    6.78164    34.9117    34.9008    28.0282    1458.71    1465.52 0.0000e+00
      14039    559.000     0.1264     0.1830   2.933439   2.937497     2.0209      98.91     0.0241      0.188    6.77380    34.9119    34.9013    28.0283    1458.73    1465.51 0.0000e+00
      14060    560.000     0.1253     0.1813   2.933383   2.937334     2.0202      98.92     0.0213      0.188    6.77052    34.9118    34.9005    28.0283    1458.74    1465.50 0.0000e+00
      14081    561.000     0.1264     0.1790   2.933513   2.937129     2.0198      98.91     0.0193      0.266    6.77700    34.9117    34.8998    28.0281    1458.76    1465.49 0.0000e+00
      14105    562.000     0.1251     0.1745   2.933446   2.936985     2.0198      98.91     0.0176      0.210    6.77368    34.9117    34.9024    28.0282    1458.77    1465.47 0.0000e+00
      14129    563.000     0.1239     0.1736   2.933375   2.936882     2.0191      98.92     0.0192      0.207    6.77042    34.9115    34.9014    28.0281    1458.78    1465.46 0.0000e+00
      14154    564.000     0.1217     0.1719   2.933241   2.936771     2.0187      98.91     0.0174      0.183    6.77545    34.9116    34.9013    28.0283    1458.79    1465.45 0.0000e+00
      14177    565.000     0.1196     0.1701   2.933112   2.936691     2.0184      98.91     0.0206      0.182    6.76589    34.9117    34.9017    28.0285    1458.80    1465.44 0.0000e+00
      14201    566.000     0.1211     0.1691   2.933293   2.936631     2.0177      98.92     0.0180      0.182    6.77122    34.9118    34.9015    28.0285    1458.82    1465.43 0.0000e+00
      14225    567.000     0.1212     0.1669   2.933334   2.936523     2.0175      98.91     0.0149      0.182    6.77460    34.9117    34.9019    28.0284    1458.84    1465.41 0.0000e+00
      14249    568.000     0.1208     0.1665   2.933343   2.936435     2.0175      98.91     0.0144      0.185    6.77872    34.9116    34.9006    28.0284    1458.85    1465.40 0.0000e+00
      14272    569.000     0.1183     0.1648   2.933179   2.936338     2.0174      98.92     0.0131      0.186    6.77547    34.9117    34.9007    28.0286    1458.86    1465.39 0.0000e+00
      14295    570.000     0.1174     0.1631   2.933145   2.936228     2.0172      98.91     0.0140      0.182    6.77581    34.9117    34.9006    28.0286    1458.87    1465.38 0.0000e+00
      14320    571.000     0.1161     0.1611   2.933092   2.936185     2.0170      98.91     0.0148      0.235    6.77116    34.9119    34.9017    28.0288    1458.88    1465.37 0.0000e+00
      14345    572.000     0.1141     0.1598   2.932963   2.936198     2.0164      98.92     0.0155      0.180    6.77199    34.9119    34.9027    28.0289    1458.89    1465.36 0.0000e+00
      14369    573.000     0.1135     0.1592   2.932970   2.936159     2.0162      98.91     0.0199      0.182    6.77456    34.9120    34.9023    28.0291    1458.90    1465.35 0.0000e+00
      14391    574.000     0.1044     0.1589   2.932144   2.936067     2.0161      98.92     0.0214      0.199    6.77950    34.9109    34.9009    28.0287    1458.87    1465.33 0.0000e+00
      14414    575.000     0.0908     0.1573   2.931077   2.935956     2.0160      98.91     0.0184      0.181    6.78319    34.9116    34.9006    28.0300    1458.83    1465.32 0.0000e+00
      14438    576.000     0.0921     0.1561   2.931238   2.935878     2.0161      98.91     0.0145      0.191    6.79016    34.9117    34.9004    28.0300    1458.85    1465.31 0.0000e+00
      14463    577.000     0.0902     0.1540   2.931106   2.935867     2.0163      98.91     0.0137      0.336    6.78888    34.9115    34.9020    28.0300    1458.86    1465.30 0.0000e+00
      14488    578.000     0.0880     0.1532   2.930942   2.935818     2.0164      98.91     0.0156      0.187    6.79062    34.9112    34.9017    28.0299    1458.86    1465.29 0.0000e+00
      14510    579.000     0.0846     0.1525   2.930724   2.935724     2.0163      98.91     0.0170      0.188    6.78679    34.9116    34.9006    28.0304    1458.87    1465.28 0.0000e+00
      14532    580.000     0.0807     0.1507   2.930395   2.935643     2.0160      98.91     0.0145      0.185    6.78555    34.9111    34.9010    28.0302    1458.86    1465.27 0.0000e+00
      14554    581.000     0.0776     0.1488   2.930197   2.935613     2.0161      98.91     0.0148      0.200    6.78807    34.9114    34.9022    28.0306    1458.87    1465.26 0.0000e+00
      14576    582.000     0.0775     0.1487   2.930224   2.935545     2.0155      98.91     0.0152      0.194    6.78308    34.9113    34.9008    28.0305    1458.88    1465.24 0.0000e+00
      14601    583.000     0.0772     0.1468   2.930255   2.935481     2.0153      98.91     0.0135      0.179    6.78797    34.9115    34.9015    28.0306    1458.90    1465.23 0.0000e+00
      14627    584.000     0.0774     0.1457   2.930314   2.935444     2.0152      98.91     0.0174      0.182    6.78937    34.9114    34.9017    28.0306    1458.91    1465.22 0.0000e+00
      14652    585.000     0.0775     0.1447   2.930362   2.935411     2.0151      98.91     0.0224      0.193    6.78275    34.9113    34.9018    28.0305    1458.93    1465.21 0.0000e+00
      14676    586.000     0.0766     0.1446   2.930340   2.935344     2.0142      98.91     0.0221      0.178    6.77557    34.9115    34.9004    28.0307    1458.94    1465.20 0.0000e+00
      14698    587.000     0.0750     0.1428   2.930241   2.935256     2.0141      98.92     0.0185      0.231    6.79034    34.9114    34.9007    28.0307    1458.95    1465.19 0.0000e+00
      14719    588.000     0.0673     0.1410   2.929618   2.935131     2.0141      98.92     0.0163      0.178    6.78894    34.9113    34.9005    28.0311    1458.93    1465.18 0.0000e+00
      14743    589.000     0.0643     0.1392   2.929431   2.934976     2.0138      98.91     0.0177      0.174    6.78745    34.9117    34.8999    28.0315    1458.94    1465.17 0.0000e+00
      14767    590.000     0.0637     0.1367   2.929428   2.934884     2.0137      98.91     0.0173      0.179    6.78069    34.9117    34.9010    28.0316    1458.95    1465.16 0.0000e+00
      14792    591.000     0.0609     0.1346   2.929237   2.934749     2.0127      98.91     0.0132      0.189    6.77784    34.9118    34.9010    28.0318    1458.95    1465.15 0.0000e+00
      14815    592.000     0.0594     0.1336   2.929168   2.934606     2.0124      98.92     0.0130      0.181    6.78098    34.9120    34.8996    28.0320    1458.96    1465.14 0.0000e+00
      14837    593.000     0.0574     0.1316   2.929041   2.934406     2.0119      98.91     0.0117      0.180    6.77841    34.9120    34.8987    28.0321    1458.97    1465.13 0.0000e+00
      14860    594.000     0.0550     0.1285   2.928880   2.934199     2.0117      98.91     0.0125      0.183    6.78760    34.9120    34.8989    28.0323    1458.98    1465.12 0.0000e+00
      14882    595.000     0.0533     0.1261   2.928784   2.933939     2.0117      98.91     0.0164      0.173    6.79242    34.9120    34.8976    28.0324    1458.99    1465.11 0.0000e+00
      14905    596.000     0.0498     0.1225   2.928504   2.933740     2.0121      98.91     0.0150      0.176    6.80837    34.9117    34.8984    28.0324    1458.99    1465.10 0.0000e+00
      14929    597.000     0.0362     0.1195   2.927413   2.933582     2.0128      98.92     0.0136      0.186    6.81078    34.9121    34.8991    28.0334    1458.94    1465.09 0.0000e+00
      14954    598.000     0.0345     0.1170   2.927310   2.933476     2.0133      98.91     0.0131      0.175    6.81379    34.9121    34.9000    28.0335    1458.95    1465.08 0.0000e+00
