Physical_Data/CTD_Data/Example_Data/sta0479.cnv
* Sea-Bird SBE 9 Data File:
* FileName = C:\Seabird\CTDData\sta0479.hex
* Software Version Seasave V 7.21f
* Temperature SN = 4340
* Conductivity SN = 3012
* Number of Bytes Per Scan = 34
* Number of Voltage Words = 3
* Number of Scans Averaged by the Deck Unit = 1
* NMEA Latitude = 73 50.24 N
* NMEA Longitude = 007 33.86 E
* NMEA UTC (Time) = Jun 23 2016 08:33:51
* NMEA baud rate = 4800
** Ship: 10 F/F "G. O. Sars"
** Station: 0479
** Echodepth: 686
** Log: 7760.786
** Wind-Dir Force: 20 14
** Air-temp (dry): 6.7
** Weather Sky: 2 5
** Sea Ice: 3 0
** Par light: 451
# nquan = 17                                
# nvalues = 675                         
# units = specified
# name 0 = scan: Scan Count
# name 1 = prDM: Pressure, Digiquartz [db]
# name 2 = t068C: Temperature [ITS-68, deg C]
# name 3 = t168C: Temperature, 2 [ITS-68, deg C]
# name 4 = c0S/m: Conductivity [S/m]
# name 5 = c1S/m: Conductivity, 2 [S/m]
# name 6 = sbeox0V: Oxygen raw, SBE 43 [V]
# name 7 = altM: Altimeter [m]
# name 8 = flC: Fluorescence, Chelsea Aqua 3 Chl Con [ug/l]
# name 9 = seaTurbMtr: Turbidity, Seapoint [FTU]
# name 10 = sbeox0ML/L: Oxygen, SBE 43 [ml/l], WS = 2
# name 11 = sal00: Salinity, Practical [PSU]
# name 12 = sal11: Salinity, Practical, 2 [PSU]
# name 13 = sigma-t00: Density [sigma-t, Kg/m^3 ]
# name 14 = svCM: Sound Velocity [Chen-Millero, m/s]
# name 15 = avgsvCM: Average Sound Velocity [Chen-Millero, m/s], minP = 1, minS = 5
# name 16 = flag: flag
# span 0 =       -180,      18080       
# span 1 =      3.000,    677.000       
# span 2 =    -0.0710,     6.7750       
# span 3 =    -0.0589,     6.7763       
# span 4 =   2.919447,   3.519051       
# span 5 =   2.921871,   3.518320       
# span 6 =     1.9912,     2.5498       
# span 7 =      39.45,     100.65       
# span 8 =     0.0098,     1.2256       
# span 9 =      0.171,      4.186       
# span 10 =    6.56126,    7.16279      
# span 11 =    34.9113,    35.1360      
# span 12 =    34.8984,    35.1265      
# span 13 =    27.5495,    28.0395      
# span 14 =    1458.42,    1477.99      
# span 15 =    1465.09,    1477.99      
# span 16 = 0.0000e+00, 0.0000e+00      
# interval = decibars: 1                
# start_time = Jun 23 2016 08:33:54 [System UTC, header]
# bad_flag = -9.990e-29
*END*
[from data line 426]
      10965    429.000     0.7492     0.7491   2.982559   2.981919     2.1096      98.92     0.0195      0.219    6.92084    34.9283    34.9201    28.0043    1459.45    1468.70 0.0000e+00
      10990    430.000     0.7485     0.7491   2.982532   2.981946     2.1089      98.92     0.0196      0.200    6.91673    34.9281    34.9199    28.0043    1459.46    1468.68 0.0000e+00
      11016    431.000     0.7460     0.7464   2.982365   2.981758     2.1081      98.93     0.0189      0.208    6.91729    34.9282    34.9199    28.0045    1459.47    1468.66 0.0000e+00
      11042    432.000     0.7412     0.7418   2.981961   2.981374     2.1076      98.93     0.0216      0.220    6.91618    34.9277    34.9195    28.0044    1459.46    1468.64 0.0000e+00
      11066    433.000     0.7383     0.7388   2.981767   2.981169     2.1067      98.92     0.0219      0.500    6.91847    34.9279    34.9196    28.0047    1459.47    1468.62 0.0000e+00
      11089    434.000     0.7360     0.7361   2.981607   2.980975     2.1067      98.92     0.0195      0.233    6.92209    34.9278    34.9195    28.0048    1459.47    1468.59 0.0000e+00
      11111    435.000     0.7335     0.7338   2.981433   2.980819     2.1062      98.92     0.0166      0.230    6.91699    34.9278    34.9195    28.0049    1459.48    1468.57 0.0000e+00
      11135    436.000     0.7308     0.7309   2.981229   2.980606     2.1056      98.92     0.0176      0.204    6.91350    34.9276    34.9194    28.0050    1459.48    1468.55 0.0000e+00
      11160    437.000     0.7282     0.7284   2.981053   2.980419     2.1051      98.92     0.0170      0.202    6.92292    34.9276    34.9192    28.0052    1459.49    1468.53 0.0000e+00
      11185    438.000     0.7253     0.7251   2.980841   2.980174     2.1050      98.92     0.0146      0.213    6.91731    34.9276    34.9191    28.0053    1459.49    1468.51 0.0000e+00
      11208    439.000     0.7079     0.7070   2.979224   2.978516     2.1044      98.92     0.0153      0.229    6.91732    34.9255    34.9173    28.0047    1459.43    1468.49 0.0000e+00
      11231    440.000     0.6872     0.6880   2.977546   2.976973     2.1039      98.92     0.0157      0.204    6.91743    34.9264    34.9181    28.0068    1459.35    1468.47 0.0000e+00
      11254    441.000     0.6804     0.6801   2.976971   2.976294     2.1029      98.92     0.0168      0.235    6.91297    34.9260    34.9175    28.0069    1459.33    1468.45 0.0000e+00
      11276    442.000     0.6755     0.6751   2.976561   2.975881     2.1022      98.92     0.0175      0.205    6.91326    34.9256    34.9172    28.0068    1459.33    1468.43 0.0000e+00
      11301    443.000     0.6710     0.6709   2.976209   2.975565     2.1018      98.92     0.0193      0.200    6.92402    34.9255    34.9172    28.0070    1459.32    1468.41 0.0000e+00
      11327    444.000     0.6594     0.6596   2.975192   2.974573     2.1017      98.92     0.0179      0.203    6.92889    34.9247    34.9164    28.0071    1459.29    1468.39 0.0000e+00
      11354    445.000     0.6526     0.6532   2.974695   2.974087     2.1016      98.92     0.0165      0.207    6.92937    34.9253    34.9167    28.0081    1459.27    1468.37 0.0000e+00
      11379    446.000     0.6494     0.6490   2.974442   2.973757     2.1013      98.92     0.0166      0.199    6.92853    34.9250    34.9166    28.0080    1459.27    1468.35 0.0000e+00
      11401    447.000     0.6479     0.6482   2.974368   2.973747     2.1012      98.92     0.0178      0.307    6.92728    34.9252    34.9168    28.0082    1459.28    1468.33 0.0000e+00
      11422    448.000     0.6473     0.6474   2.974367   2.973727     2.1007      98.92     0.0184      0.213    6.92463    34.9252    34.9168    28.0083    1459.30    1468.30 0.0000e+00
      11444    449.000     0.6463     0.6467   2.974311   2.973704     2.1006      98.92     0.0205      0.199    6.93063    34.9250    34.9167    28.0082    1459.31    1468.28 0.0000e+00
      11469    450.000     0.6454     0.6459   2.974288   2.973691     2.1005      98.92     0.0184      0.214    6.93295    34.9252    34.9169    28.0084    1459.32    1468.26 0.0000e+00
      11495    451.000     0.6430     0.6431   2.974113   2.973479     2.1005      98.93     0.0151      0.228    6.93461    34.9250    34.9167    28.0084    1459.33    1468.24 0.0000e+00
      11520    452.000     0.6375     0.6385   2.973694   2.973120     2.1005      98.92     0.0191      0.210    6.93563    34.9252    34.9166    28.0089    1459.32    1468.22 0.0000e+00
      11544    453.000     0.6362     0.6363   2.973618   2.972973     2.1004      98.92     0.0210      0.201    6.93826    34.9250    34.9165    28.0089    1459.33    1468.21 0.0000e+00
      11567    454.000     0.6323     0.6321   2.973323   2.972654     2.1004      98.92     0.0205      0.219    6.94009    34.9250    34.9165    28.0091    1459.33    1468.19 0.0000e+00
      11591    455.000     0.6302     0.6306   2.973164   2.972572     2.1004      98.92     0.0213      0.203    6.93701    34.9247    34.9166    28.0090    1459.34    1468.17 0.0000e+00
      11615    456.000     0.6196     0.6201   2.972229   2.971624     2.1000      98.92     0.0212      0.210    6.93304    34.9239    34.9155    28.0090    1459.30    1468.15 0.0000e+00
      11640    457.000     0.5971     0.5970   2.970271   2.969615     2.0995      98.91     0.0204      0.197    6.93812    34.9231    34.9147    28.0097    1459.22    1468.13 0.0000e+00
      11666    458.000     0.5895     0.5888   2.969658   2.968950     2.0991      98.92     0.0228      0.246    6.93237    34.9231    34.9147    28.0102    1459.20    1468.11 0.0000e+00
      11691    459.000     0.5798     0.5795   2.968854   2.968179     2.0982      98.92     0.0251      0.208    6.93555    34.9230    34.9145    28.0107    1459.17    1468.09 0.0000e+00
      11714    460.000     0.5774     0.5777   2.968699   2.968060     2.0979      98.92     0.0269      0.200    6.93905    34.9231    34.9144    28.0109    1459.18    1468.07 0.0000e+00
      11738    461.000     0.5729     0.5721   2.968309   2.967594     2.0977      98.92     0.0220      0.242    6.94022    34.9225    34.9140    28.0107    1459.17    1468.05 0.0000e+00
      11761    462.000     0.5647     0.5644   2.967636   2.966955     2.0972      98.92     0.0186      0.294    6.93647    34.9223    34.9138    28.0111    1459.15    1468.03 0.0000e+00
      11784    463.000     0.5600     0.5601   2.967251   2.966604     2.0968      98.92     0.0165      0.205    6.94355    34.9220    34.9135    28.0111    1459.14    1468.01 0.0000e+00
      11809    464.000     0.5522     0.5525   2.966599   2.965971     2.0968      98.92     0.0163      0.197    6.94656    34.9217    34.9132    28.0114    1459.13    1467.99 0.0000e+00
      11834    465.000     0.5482     0.5484   2.966308   2.965676     2.0962      98.92     0.0167      0.198    6.93272    34.9218    34.9134    28.0117    1459.12    1467.97 0.0000e+00
      11860    466.000     0.5462     0.5462   2.966175   2.965512     2.0956      98.92     0.0135      0.237    6.94336    34.9218    34.9131    28.0118    1459.13    1467.95 0.0000e+00
      11885    467.000     0.5356     0.5350   2.965250   2.964555     2.0956      98.93     0.0165      0.199    6.94300    34.9210    34.9127    28.0118    1459.10    1467.93 0.0000e+00
      11909    468.000     0.5277     0.5273   2.964604   2.963901     2.0947      98.92     0.0199      0.193    6.93474    34.9209    34.9122    28.0122    1459.08    1467.91 0.0000e+00
      11932    469.000     0.5119     0.5108   2.963201   2.962460     2.0943      98.93     0.0190      0.209    6.93934    34.9198    34.9114    28.0123    1459.02    1467.90 0.0000e+00
      11955    470.000     0.4955     0.4943   2.961865   2.961103     2.0935      98.92     0.0187      0.196    6.93272    34.9203    34.9117    28.0137    1458.96    1467.88 0.0000e+00
      11978    471.000     0.4916     0.4917   2.961553   2.960905     2.0924      98.92     0.0183      0.193    6.93116    34.9200    34.9114    28.0137    1458.96    1467.86 0.0000e+00
      12003    472.000     0.4872     0.4867   2.961224   2.960530     2.0919      98.92     0.0192      0.199    6.93963    34.9201    34.9116    28.0140    1458.96    1467.84 0.0000e+00
      12028    473.000     0.4839     0.4847   2.960960   2.960399     2.0912      98.92     0.0211      0.204    6.93944    34.9198    34.9116    28.0139    1458.96    1467.82 0.0000e+00
      12052    474.000     0.4791     0.4793   2.960585   2.959958     2.0911      98.92     0.0197      0.224    6.94368    34.9197    34.9113    28.0142    1458.95    1467.80 0.0000e+00
      12076    475.000     0.4766     0.4771   2.960430   2.959812     2.0907      98.92     0.0186      0.194    6.93493    34.9199    34.9113    28.0145    1458.96    1467.78 0.0000e+00
      12101    476.000     0.4720     0.4726   2.960052   2.959450     2.0897      98.92     0.0171      0.452    6.92896    34.9196    34.9110    28.0145    1458.96    1467.76 0.0000e+00
      12124    477.000     0.4614     0.4604   2.959123   2.958362     2.0892      98.92     0.0167      0.209    6.93664    34.9188    34.9100    28.0145    1458.92    1467.74 0.0000e+00
      12147    478.000     0.4439     0.4429   2.957676   2.956919     2.0886      98.93     0.0179      0.198    6.93769    34.9190    34.9103    28.0157    1458.86    1467.73 0.0000e+00
      12171    479.000     0.4414     0.4395   2.957468   2.956660     2.0882      98.92     0.0152      0.260    6.93717    34.9185    34.9101    28.0155    1458.86    1467.71 0.0000e+00
      12196    480.000     0.4329     0.4336   2.956762   2.956175     2.0873      98.92     0.0144      0.220    6.92957    34.9183    34.9098    28.0158    1458.84    1467.69 0.0000e+00
      12222    481.000     0.4264     0.4271   2.956238   2.955650     2.0864      98.92     0.0141      0.190    6.92918    34.9182    34.9097    28.0161    1458.83    1467.67 0.0000e+00
      12246    482.000     0.4237     0.4241   2.956058   2.955442     2.0858      98.93     0.0135      0.193    6.92952    34.9183    34.9098    28.0164    1458.83    1467.65 0.0000e+00
      12268    483.000     0.4219     0.4220   2.955942   2.955295     2.0849      98.92     0.0160      0.194    6.91948    34.9182    34.9096    28.0164    1458.84    1467.63 0.0000e+00
      12291    484.000     0.4199     0.4196   2.955806   2.955137     2.0837      98.92     0.0179      0.195    6.91294    34.9181    34.9097    28.0164    1458.85    1467.62 0.0000e+00
      12315    485.000     0.4043     0.4003   2.954353   2.953357     2.0825      98.92     0.0180      0.190    6.91437    34.9161    34.9076    28.0157    1458.79    1467.60 0.0000e+00
      12339    486.000     0.3632     0.3625   2.950805   2.950088     2.0816      98.92     0.0210      0.191    6.92327    34.9154    34.9068    28.0176    1458.62    1467.58 0.0000e+00
      12362    487.000     0.3538     0.3560   2.950108   2.949643     2.0806      98.93     0.0442      0.190    6.91875    34.9163    34.9078    28.0189    1458.59    1467.56 0.0000e+00
      12386    488.000     0.3535     0.3535   2.950120   2.949457     2.0795      98.92     0.0335      0.186    6.91142    34.9162    34.9076    28.0188    1458.61    1467.54 0.0000e+00
      12411    489.000     0.3491     0.3489   2.949747   2.949075     2.0778      57.15     0.0233      0.190    6.89963    34.9157    34.9072    28.0187    1458.60    1467.52 0.0000e+00
      12437    490.000     0.3398     0.3404   2.948979   2.948380     2.0768      79.72     0.0191      0.186    6.91561    34.9156    34.9070    28.0191    1458.58    1467.50 0.0000e+00
      12461    491.000     0.3360     0.3360   2.948695   2.948051     2.0758      98.84     0.0200      0.188    6.90196    34.9156    34.9071    28.0193    1458.58    1467.49 0.0000e+00
      12485    492.000     0.3314     0.3308   2.948336   2.947643     2.0746      98.92     0.0187      0.190    6.89468    34.9154    34.9070    28.0195    1458.57    1467.47 0.0000e+00
      12509    493.000     0.3276     0.3273   2.948058   2.947373     2.0731      98.92     0.0156      0.188    6.88795    34.9155    34.9069    28.0198    1458.57    1467.45 0.0000e+00
      12533    494.000     0.3240     0.3229   2.947796   2.947040     2.0716      98.92     0.0132      0.323    6.88678    34.9155    34.9069    28.0200    1458.57    1467.43 0.0000e+00
      12558    495.000     0.3216     0.3215   2.947622   2.946978     2.0704      98.92     0.0164      0.193    6.88364    34.9154    34.9071    28.0200    1458.58    1467.41 0.0000e+00
      12582    496.000     0.3163     0.3166   2.947214   2.946575     2.0693      98.93     0.0115      0.196    6.88599    34.9154    34.9067    28.0204    1458.57    1467.40 0.0000e+00
      12605    497.000     0.3081     0.3084   2.946512   2.945875     2.0683      98.93     0.0115      0.186    6.88648    34.9149    34.9062    28.0204    1458.55    1467.38 0.0000e+00
      12628    498.000     0.3016     0.3010   2.946010   2.945329     2.0677      98.92     0.0132      0.187    6.89102    34.9151    34.9068    28.0209    1458.53    1467.36 0.0000e+00
      12653    499.000     0.2996     0.3001   2.945894   2.945284     2.0669      98.92     0.0150      0.196    6.88485    34.9152    34.9066    28.0212    1458.54    1467.34 0.0000e+00
      12677    500.000     0.2969     0.2964   2.945684   2.944995     2.0663      98.93     0.0175      0.213    6.88856    34.9149    34.9064    28.0211    1458.55    1467.33 0.0000e+00
      12702    501.000     0.2876     0.2868   2.944917   2.944200     2.0655      98.92     0.0181      0.186    6.88054    34.9148    34.9063    28.0215    1458.52    1467.31 0.0000e+00
      12726    502.000     0.2781     0.2792   2.944170   2.943606     2.0646      98.92     0.0127      0.193    6.87284    34.9151    34.9065    28.0223    1458.49    1467.29 0.0000e+00
      12750    503.000     0.2744     0.2744   2.943895   2.943230     2.0628      60.73     0.0124      0.198    6.87146    34.9151    34.9064    28.0225    1458.49    1467.27 0.0000e+00
      12776    504.000     0.2654     0.2644   2.943165   2.942441     2.0628      98.78     0.0177      0.197    6.88754    34.9151    34.9067    28.0230    1458.47    1467.25 0.0000e+00
      12800    505.000     0.2603     0.2606   2.942795   2.942167     2.0619      98.92     0.0192      0.203    6.87757    34.9154    34.9068    28.0236    1458.46    1467.24 0.0000e+00
      12824    506.000     0.2573     0.2568   2.942575   2.941878     2.0615      98.92     0.0186      0.192    6.89021    34.9153    34.9067    28.0237    1458.46    1467.22 0.0000e+00
      12846    507.000     0.2542     0.2554   2.942356   2.941826     2.0616      98.92     0.0163      0.188    6.90124    34.9153    34.9070    28.0239    1458.47    1467.20 0.0000e+00
      12869    508.000     0.2536     0.2529   2.942340   2.942010     2.0622      98.91     0.0173      0.219    6.91038    34.9152    34.9117    28.0238    1458.48    1467.19 0.0000e+00
      12894    509.000     0.2525     0.2525   2.942297   2.942473     2.0630      98.91     0.0172      0.194    6.92196    34.9153    34.9176    28.0239    1458.49    1467.17 0.0000e+00
      12919    510.000     0.2515     0.2593   2.942248   2.942641     2.0640      98.91     0.0154      0.185    6.91899    34.9152    34.9116    28.0239    1458.50    1467.15 0.0000e+00
      12944    511.000     0.2521     0.2622   2.942364   2.942796     2.0642      98.91     0.0163      0.205    6.91166    34.9155    34.9097    28.0241    1458.52    1467.13 0.0000e+00
      12967    512.000     0.2504     0.2642   2.942238   2.942898     2.0645      98.90     0.0169      0.184    6.91385    34.9151    34.9082    28.0239    1458.53    1467.12 0.0000e+00
